         200
   2958.6800000003914       -230.00000000000000       -1.0000000000000000        1.5118364554429111E-006 
   3208.6800000003914       -230.00000000000000       -1.0000000000000000        1.8834763748569948E-006 
   3458.6800000003914       -230.00000000000000       -1.0000000000000000        2.3724264705899064E-006 
   3708.6800000003914       -230.00000000000000       -1.0000000000000000        3.0407383764509225E-006 
   3958.6800000003914       -230.00000000000000       -1.0000000000000000        3.9735610848645287E-006 
   4208.6800000003914       -230.00000000000000       -1.0000000000000000        5.2957183956669884E-006 
   4458.6800000003914       -230.00000000000000       -1.0000000000000000        7.2081315284017516E-006 
   4708.6800000003914       -230.00000000000000       -1.0000000000000000        1.0030777831653674E-005 
   4958.6800000003914       -230.00000000000000       -1.0000000000000000        1.4255351494195190E-005 
   5208.6800000003914       -230.00000000000000       -1.0000000000000000        2.0561451327698208E-005 
   5458.6800000003914       -230.00000000000000       -1.0000000000000000        2.9553406578171700E-005 
   5708.6800000003914       -230.00000000000000       -1.0000000000000000        4.0978313384519777E-005 
   5958.6800000003914       -230.00000000000000       -1.0000000000000000        5.2111808129897896E-005 
   6208.6800000003914       -230.00000000000000       -1.0000000000000000        5.6887315024546155E-005 
   6458.6800000003914       -230.00000000000000       -1.0000000000000000        5.1590053926966244E-005 
   6708.6800000003914       -230.00000000000000       -1.0000000000000000        4.0587225494885557E-005 
   6958.6800000003914       -230.00000000000000       -1.0000000000000000        2.9293908153308057E-005 
   7208.6800000003914       -230.00000000000000       -1.0000000000000000        2.0373842183525246E-005 
   7458.6800000003914       -230.00000000000000       -1.0000000000000000        1.4131429830352676E-005 
   7708.6800000003914       -230.00000000000000       -1.0000000000000000        9.9478325053802317E-006 
   7958.6800000003914       -230.00000000000000       -1.0000000000000000        7.1573943235837159E-006 
   8208.6800000003914       -230.00000000000000       -1.0000000000000000        5.2551657988115439E-006 
   8458.6800000003914       -230.00000000000000       -1.0000000000000000        3.9489038771414841E-006 
   8708.6800000003914       -230.00000000000000       -1.0000000000000000        3.0259574994006051E-006 
   8958.6800000003914       -230.00000000000000       -1.0000000000000000        2.3597274733473293E-006 
   9208.6800000003914       -230.00000000000000       -1.0000000000000000        1.8728355591068956E-006 
   9458.6800000003914       -230.00000000000000       -1.0000000000000000        1.5078659634099177E-006 
   9708.6800000003914       -230.00000000000000       -1.0000000000000000        1.2241926678002446E-006 
   9958.6800000003914       -230.00000000000000       -1.0000000000000000        1.0119796892713772E-006 
   10208.680000000391       -230.00000000000000       -1.0000000000000000        8.4831593308359737E-007 
   10458.680000000391       -230.00000000000000       -1.0000000000000000        7.1232109765030682E-007 
   10708.680000000391       -230.00000000000000       -1.0000000000000000        6.0727037303077576E-007 
   10958.680000000391       -230.00000000000000       -1.0000000000000000        5.1792070324488641E-007 
   11208.680000000391       -230.00000000000000       -1.0000000000000000        4.4532052965274766E-007 
   11458.680000000391       -230.00000000000000       -1.0000000000000000        3.8821049052447564E-007 
   11708.680000000391       -230.00000000000000       -1.0000000000000000        3.4092334044610859E-007 
   11958.680000000391       -230.00000000000000       -1.0000000000000000        2.9663338720956954E-007 
   12208.680000000391       -230.00000000000000       -1.0000000000000000        2.6330762270911809E-007 
   12458.680000000391       -230.00000000000000       -1.0000000000000000        2.2616196272634471E-007 
   12708.680000000391       -230.00000000000000       -1.0000000000000000        2.0726866893413447E-007 
   2958.6800000003914       -105.00000000000000       -1.0000000000000000        1.5179095054091065E-006 
   3208.6800000003914       -105.00000000000000       -1.0000000000000000        1.8914808911077060E-006 
   3458.6800000003914       -105.00000000000000       -1.0000000000000000        2.3823909691354973E-006 
   3708.6800000003914       -105.00000000000000       -1.0000000000000000        3.0596268944646499E-006 
   3958.6800000003914       -105.00000000000000       -1.0000000000000000        4.0057197843287828E-006 
   4208.6800000003914       -105.00000000000000       -1.0000000000000000        5.3356307060931791E-006 
   4458.6800000003914       -105.00000000000000       -1.0000000000000000        7.2745433318937292E-006 
   4708.6800000003914       -105.00000000000000       -1.0000000000000000        1.0143529499400319E-005 
   4958.6800000003914       -105.00000000000000       -1.0000000000000000        1.4457933188458835E-005 
   5208.6800000003914       -105.00000000000000       -1.0000000000000000        2.0937737759313611E-005 
   5458.6800000003914       -105.00000000000000       -1.0000000000000000        3.0247590324400819E-005 
   5708.6800000003914       -105.00000000000000       -1.0000000000000000        4.2180848139280994E-005 
   5958.6800000003914       -105.00000000000000       -1.0000000000000000        5.3947651108484278E-005 
   6208.6800000003914       -105.00000000000000       -1.0000000000000000        5.9087285737253335E-005 
   6458.6800000003914       -105.00000000000000       -1.0000000000000000        5.3519944960816187E-005 
   6708.6800000003914       -105.00000000000000       -1.0000000000000000        4.1885919326967793E-005 
   6958.6800000003914       -105.00000000000000       -1.0000000000000000        3.0027093309461780E-005 
   7208.6800000003914       -105.00000000000000       -1.0000000000000000        2.0767079125233634E-005 
   7458.6800000003914       -105.00000000000000       -1.0000000000000000        1.4345050738740148E-005 
   7708.6800000003914       -105.00000000000000       -1.0000000000000000        1.0064665302766814E-005 
   7958.6800000003914       -105.00000000000000       -1.0000000000000000        7.2175919371852580E-006 
   8208.6800000003914       -105.00000000000000       -1.0000000000000000        5.2999379188715338E-006 
   8458.6800000003914       -105.00000000000000       -1.0000000000000000        3.9803196500258901E-006 
   8708.6800000003914       -105.00000000000000       -1.0000000000000000        3.0457069810146072E-006 
   8958.6800000003914       -105.00000000000000       -1.0000000000000000        2.3718805631655806E-006 
   9208.6800000003914       -105.00000000000000       -1.0000000000000000        1.8781341471976468E-006 
   9458.6800000003914       -105.00000000000000       -1.0000000000000000        1.5107798102210534E-006 
   9708.6800000003914       -105.00000000000000       -1.0000000000000000        1.2308489694840389E-006 
   9958.6800000003914       -105.00000000000000       -1.0000000000000000        1.0145265554526297E-006 
   10208.680000000391       -105.00000000000000       -1.0000000000000000        8.4621785582230267E-007 
   10458.680000000391       -105.00000000000000       -1.0000000000000000        7.1277466633365071E-007 
   10708.680000000391       -105.00000000000000       -1.0000000000000000        6.0746280898266408E-007 
   10958.680000000391       -105.00000000000000       -1.0000000000000000        5.2063289062418252E-007 
   11208.680000000391       -105.00000000000000       -1.0000000000000000        4.4673490583499802E-007 
   11458.680000000391       -105.00000000000000       -1.0000000000000000        3.9097879517877657E-007 
   11708.680000000391       -105.00000000000000       -1.0000000000000000        3.3948338063027880E-007 
   11958.680000000391       -105.00000000000000       -1.0000000000000000        2.9959326101890829E-007 
   12208.680000000391       -105.00000000000000       -1.0000000000000000        2.6075878789471239E-007 
   12458.680000000391       -105.00000000000000       -1.0000000000000000        2.2746509015077193E-007 
   12708.680000000391       -105.00000000000000       -1.0000000000000000        2.0642366477838775E-007 
   2958.6800000003914        20.000000000000000       -1.0000000000000000        1.5176614902194541E-006 
   3208.6800000003914        20.000000000000000       -1.0000000000000000        1.8915287095649387E-006 
   3458.6800000003914        20.000000000000000       -1.0000000000000000        2.3857777055040011E-006 
   3708.6800000003914        20.000000000000000       -1.0000000000000000        3.0570413395074619E-006 
   3958.6800000003914        20.000000000000000       -1.0000000000000000        3.9913018126131930E-006 
   4208.6800000003914        20.000000000000000       -1.0000000000000000        5.3223999380728555E-006 
   4458.6800000003914        20.000000000000000       -1.0000000000000000        7.2546831915409033E-006 
   4708.6800000003914        20.000000000000000       -1.0000000000000000        1.0108910100628120E-005 
   4958.6800000003914        20.000000000000000       -1.0000000000000000        1.4409137986024857E-005 
   5208.6800000003914        20.000000000000000       -1.0000000000000000        2.0833672865986072E-005 
   5458.6800000003914        20.000000000000000       -1.0000000000000000        3.0058441411830437E-005 
   5708.6800000003914        20.000000000000000       -1.0000000000000000        4.1847321752234801E-005 
   5958.6800000003914        20.000000000000000       -1.0000000000000000        5.3459375275909995E-005 
   6208.6800000003914        20.000000000000000       -1.0000000000000000        5.8579696847961133E-005 
   6458.6800000003914        20.000000000000000       -1.0000000000000000        5.3190889343131227E-005 
   6708.6800000003914        20.000000000000000       -1.0000000000000000        4.1669434344770996E-005 
   6958.6800000003914        20.000000000000000       -1.0000000000000000        2.9882622799146035E-005 
   7208.6800000003914        20.000000000000000       -1.0000000000000000        2.0690455048311108E-005 
   7458.6800000003914        20.000000000000000       -1.0000000000000000        1.4303523879085984E-005 
   7708.6800000003914        20.000000000000000       -1.0000000000000000        1.0037585427398022E-005 
   7958.6800000003914        20.000000000000000       -1.0000000000000000        7.2016043027401894E-006 
   8208.6800000003914        20.000000000000000       -1.0000000000000000        5.2892077664868107E-006 
   8458.6800000003914        20.000000000000000       -1.0000000000000000        3.9727634457895463E-006 
   8708.6800000003914        20.000000000000000       -1.0000000000000000        3.0434327227968262E-006 
   8958.6800000003914        20.000000000000000       -1.0000000000000000        2.3731103387416551E-006 
   9208.6800000003914        20.000000000000000       -1.0000000000000000        1.8802701091607835E-006 
   9458.6800000003914        20.000000000000000       -1.0000000000000000        1.5103825850290289E-006 
   9708.6800000003914        20.000000000000000       -1.0000000000000000        1.2271115828796672E-006 
   9958.6800000003914        20.000000000000000       -1.0000000000000000        1.0139892065552237E-006 
   10208.680000000391        20.000000000000000       -1.0000000000000000        8.4332501919941290E-007 
   10458.680000000391        20.000000000000000       -1.0000000000000000        7.1155769656286806E-007 
   10708.680000000391        20.000000000000000       -1.0000000000000000        6.0398565842858451E-007 
   10958.680000000391        20.000000000000000       -1.0000000000000000        5.1907329778537450E-007 
   11208.680000000391        20.000000000000000       -1.0000000000000000        4.5004192063965080E-007 
   11458.680000000391        20.000000000000000       -1.0000000000000000        3.9050913940046725E-007 
   11708.680000000391        20.000000000000000       -1.0000000000000000        3.4118042824258765E-007 
   11958.680000000391        20.000000000000000       -1.0000000000000000        2.9794480678647088E-007 
   12208.680000000391        20.000000000000000       -1.0000000000000000        2.6006692834614838E-007 
   12458.680000000391        20.000000000000000       -1.0000000000000000        2.2657368750747544E-007 
   12708.680000000391        20.000000000000000       -1.0000000000000000        2.0557460660209295E-007 
   2958.6800000003914        145.00000000000000       -1.0000000000000000        1.5143571467124738E-006 
   3208.6800000003914        145.00000000000000       -1.0000000000000000        1.8801748886695869E-006 
   3458.6800000003914        145.00000000000000       -1.0000000000000000        2.3681706360898611E-006 
   3708.6800000003914        145.00000000000000       -1.0000000000000000        3.0301301772253469E-006 
   3958.6800000003914        145.00000000000000       -1.0000000000000000        3.9491612297472568E-006 
   4208.6800000003914        145.00000000000000       -1.0000000000000000        5.2601322051860327E-006 
   4458.6800000003914        145.00000000000000       -1.0000000000000000        7.1476998355107851E-006 
   4708.6800000003914        145.00000000000000       -1.0000000000000000        9.9379991653832466E-006 
   4958.6800000003914        145.00000000000000       -1.0000000000000000        1.4096389130908794E-005 
   5208.6800000003914        145.00000000000000       -1.0000000000000000        2.0267016473444422E-005 
   5458.6800000003914        145.00000000000000       -1.0000000000000000        2.9013605237945873E-005 
   5708.6800000003914        145.00000000000000       -1.0000000000000000        4.0061402830458716E-005 
   5958.6800000003914        145.00000000000000       -1.0000000000000000        5.0764007763418771E-005 
   6208.6800000003914        145.00000000000000       -1.0000000000000000        5.5485584009894638E-005 
   6458.6800000003914        145.00000000000000       -1.0000000000000000        5.0705609818520493E-005 
   6708.6800000003914        145.00000000000000       -1.0000000000000000        3.9987552297121165E-005 
   6958.6800000003914        145.00000000000000       -1.0000000000000000        2.8890530633870946E-005 
   7208.6800000003914        145.00000000000000       -1.0000000000000000        2.0141073183553140E-005 
   7458.6800000003914        145.00000000000000       -1.0000000000000000        1.4004355532654715E-005 
   7708.6800000003914        145.00000000000000       -1.0000000000000000        9.8682766360126534E-006 
   7958.6800000003914        145.00000000000000       -1.0000000000000000        7.0991440150710504E-006 
   8208.6800000003914        145.00000000000000       -1.0000000000000000        5.2270716925245409E-006 
   8458.6800000003914        145.00000000000000       -1.0000000000000000        3.9326696796952238E-006 
   8708.6800000003914        145.00000000000000       -1.0000000000000000        3.0173438301785836E-006 
   8958.6800000003914        145.00000000000000       -1.0000000000000000        2.3602870414486814E-006 
   9208.6800000003914        145.00000000000000       -1.0000000000000000        1.8725911752117874E-006 
   9458.6800000003914        145.00000000000000       -1.0000000000000000        1.5049989125853636E-006 
   9708.6800000003914        145.00000000000000       -1.0000000000000000        1.2281470762062968E-006 
   9958.6800000003914        145.00000000000000       -1.0000000000000000        1.0088877173518867E-006 
   10208.680000000391        145.00000000000000       -1.0000000000000000        8.4235420615528822E-007 
   10458.680000000391        145.00000000000000       -1.0000000000000000        7.0953086760939552E-007 
   10708.680000000391        145.00000000000000       -1.0000000000000000        6.0554605702792992E-007 
   10958.680000000391        145.00000000000000       -1.0000000000000000        5.1984824315481398E-007 
   11208.680000000391        145.00000000000000       -1.0000000000000000        4.4903221767023106E-007 
   11458.680000000391        145.00000000000000       -1.0000000000000000        3.9185686737893335E-007 
   11708.680000000391        145.00000000000000       -1.0000000000000000        3.4056527501451560E-007 
   11958.680000000391        145.00000000000000       -1.0000000000000000        2.9309068355873271E-007 
   12208.680000000391        145.00000000000000       -1.0000000000000000        2.5664943304964849E-007 
   12458.680000000391        145.00000000000000       -1.0000000000000000        2.2855412818784900E-007 
   12708.680000000391        145.00000000000000       -1.0000000000000000        2.0471656345149918E-007 
   2958.6800000003914        270.00000000000000       -1.0000000000000000        1.5005780747455374E-006 
   3208.6800000003914        270.00000000000000       -1.0000000000000000        1.8654852004857546E-006 
   3458.6800000003914        270.00000000000000       -1.0000000000000000        2.3427229084229952E-006 
   3708.6800000003914        270.00000000000000       -1.0000000000000000        2.9863540045238254E-006 
   3958.6800000003914        270.00000000000000       -1.0000000000000000        3.8840215215532921E-006 
   4208.6800000003914        270.00000000000000       -1.0000000000000000        5.1541983615895053E-006 
   4458.6800000003914        270.00000000000000       -1.0000000000000000        6.9719205469350514E-006 
   4708.6800000003914        270.00000000000000       -1.0000000000000000        9.6319524390167791E-006 
   4958.6800000003914        270.00000000000000       -1.0000000000000000        1.3565909825604939E-005 
   5208.6800000003914        270.00000000000000       -1.0000000000000000        1.9299577110774255E-005 
   5458.6800000003914        270.00000000000000       -1.0000000000000000        2.7269501538254032E-005 
   5708.6800000003914        270.00000000000000       -1.0000000000000000        3.7111153989352266E-005 
   5958.6800000003914        270.00000000000000       -1.0000000000000000        4.6390764609150288E-005 
   6208.6800000003914        270.00000000000000       -1.0000000000000000        5.0460955892885098E-005 
   6458.6800000003914        270.00000000000000       -1.0000000000000000        4.6469736185059703E-005 
   6708.6800000003914        270.00000000000000       -1.0000000000000000        3.7102093658392793E-005 
   6958.6800000003914        270.00000000000000       -1.0000000000000000        2.7177734449968800E-005 
   7208.6800000003914        270.00000000000000       -1.0000000000000000        1.9187729656939027E-005 
   7458.6800000003914        270.00000000000000       -1.0000000000000000        1.3478793151863646E-005 
   7708.6800000003914        270.00000000000000       -1.0000000000000000        9.5727213894758100E-006 
   7958.6800000003914        270.00000000000000       -1.0000000000000000        6.9282079729544652E-006 
   8208.6800000003914        270.00000000000000       -1.0000000000000000        5.1211793214129989E-006 
   8458.6800000003914        270.00000000000000       -1.0000000000000000        3.8655041000616663E-006 
   8708.6800000003914        270.00000000000000       -1.0000000000000000        2.9771219509869607E-006 
   8958.6800000003914        270.00000000000000       -1.0000000000000000        2.3280221598800499E-006 
   9208.6800000003914        270.00000000000000       -1.0000000000000000        1.8555152982678376E-006 
   9458.6800000003914        270.00000000000000       -1.0000000000000000        1.4962673853077511E-006 
   9708.6800000003914        270.00000000000000       -1.0000000000000000        1.2233741922546643E-006 
   9958.6800000003914        270.00000000000000       -1.0000000000000000        1.0136889856141157E-006 
   10208.680000000391        270.00000000000000       -1.0000000000000000        8.3897412700126228E-007 
   10458.680000000391        270.00000000000000       -1.0000000000000000        7.0851510391070295E-007 
   10708.680000000391        270.00000000000000       -1.0000000000000000        5.9962509088589271E-007 
   10958.680000000391        270.00000000000000       -1.0000000000000000        5.1372017837852693E-007 
   11208.680000000391        270.00000000000000       -1.0000000000000000        4.4330753725977582E-007 
   11458.680000000391        270.00000000000000       -1.0000000000000000        3.8739764332260426E-007 
   11708.680000000391        270.00000000000000       -1.0000000000000000        3.3866475735123130E-007 
   11958.680000000391        270.00000000000000       -1.0000000000000000        2.9505550087206360E-007 
   12208.680000000391        270.00000000000000       -1.0000000000000000        2.6055162021435930E-007 
   12458.680000000391        270.00000000000000       -1.0000000000000000        2.2669817342065372E-007 
   12708.680000000391        270.00000000000000       -1.0000000000000000        2.0476390810837054E-007 

