593
-1.588795000000000000e+06 4.545990000000000000e+06 -2.643882093461422755e+02 6986.689928
-1.588795000000000000e+06 4.548450000000000000e+06 -3.572014360221124889e+02 6995.955289
-1.588795000000000000e+06 4.553370000000000000e+06 -5.684182161303380099e+02 7020.943590
-1.588795000000000000e+06 4.555830000000000000e+06 -5.684182161303380099e+02 7021.737307
-1.588795000000000000e+06 4.563210000000000000e+06 -2.462494889060095602e+02 7015.591852
-1.588795000000000000e+06 4.565670000000000000e+06 -1.683459435657818517e+02 7014.338366
-1.588795000000000000e+06 4.568130000000000000e+06 -1.331458127283656836e+02 7014.624288
-1.588795000000000000e+06 4.573050000000000000e+06 -1.188137489990192392e+02 7016.608253
-1.588795000000000000e+06 4.575510000000000000e+06 -8.487437076923760060e+01 7014.690470
-1.588795000000000000e+06 4.577970000000000000e+06 -7.133604636934350651e+01 7015.614198
-1.588795000000000000e+06 4.585350000000000000e+06 -9.619069517571840322e+01 7016.352178
-1.588795000000000000e+06 4.587810000000000000e+06 -6.967033572316258017e+01 7014.042026
-1.588795000000000000e+06 4.592730000000000000e+06 -1.928417352194710332e+01 7007.108860
-1.588795000000000000e+06 4.595190000000000000e+06 -3.128918413569182633e+01 7005.625777
-1.588795000000000000e+06 4.597650000000000000e+06 -4.345029648311356851e+01 7004.344796
-1.588795000000000000e+06 4.600110000000000000e+06 -4.084368021705185470e+01 7001.206970
-1.588795000000000000e+06 4.602570000000000000e+06 -4.126850363092155760e+01 6997.548258
-1.588795000000000000e+06 4.605030000000000000e+06 -5.370126034035161666e+01 6995.264921
-1.588795000000000000e+06 4.607490000000000000e+06 -4.807626318350893513e+01 6991.313423
-1.588795000000000000e+06 4.617330000000000000e+06 -5.314723919985107869e+01 6973.539230
-1.588795000000000000e+06 4.619790000000000000e+06 -6.041050859439459231e+01 6967.019003
-1.588795000000000000e+06 4.622250000000000000e+06 -6.282801723966790064e+01 6959.890386
-1.586385000000000000e+06 4.531230000000000000e+06 -6.183394813763018192e+02 6971.465760
-1.586385000000000000e+06 4.545990000000000000e+06 -2.829269468041515552e+02 6994.240783
-1.586385000000000000e+06 4.558290000000000000e+06 -4.364501978783342793e+02 7026.460105
-1.586385000000000000e+06 4.563210000000000000e+06 -2.894165268545884260e+02 7024.071893
-1.586385000000000000e+06 4.565670000000000000e+06 -2.352786293855919553e+02 7023.576243
-1.586385000000000000e+06 4.568130000000000000e+06 -2.813373147813274500e+02 7029.173652
-1.586385000000000000e+06 4.570590000000000000e+06 -2.471602701751657207e+02 7027.685450
-1.586385000000000000e+06 4.573050000000000000e+06 -1.448340160583040586e+02 7023.578443
-1.586385000000000000e+06 4.577970000000000000e+06 -6.902697056389706631e+01 7020.509078
-1.586385000000000000e+06 4.580430000000000000e+06 -9.912424713035962043e+01 7022.821906
-1.586385000000000000e+06 4.587810000000000000e+06 -5.302503458988604734e+01 7019.096456
-1.586385000000000000e+06 4.600110000000000000e+06 -4.326391437320717159e+01 7007.972278
-1.586385000000000000e+06 4.602570000000000000e+06 -4.836060810347952099e+01 7005.287664
-1.586385000000000000e+06 4.605030000000000000e+06 -5.322803387853859647e+01 7001.217049
-1.586385000000000000e+06 4.614870000000000000e+06 -2.920870964335090036e+01 6983.198308
-1.586385000000000000e+06 4.622250000000000000e+06 -5.914988616795405107e+01 6966.571960
-1.583975000000000000e+06 4.536150000000000000e+06 -7.830895815868018417e+02 7003.839931
-1.583975000000000000e+06 4.541070000000000000e+06 -6.058429875566861256e+02 7008.483150
-1.583975000000000000e+06 4.548450000000000000e+06 -2.518968460462539269e+02 7005.552859
-1.583975000000000000e+06 4.555830000000000000e+06 -3.849213431421974292e+02 7026.401471
-1.583975000000000000e+06 4.560750000000000000e+06 -4.886677888670670882e+02 7040.449051
-1.583975000000000000e+06 4.573050000000000000e+06 -2.076958098187673158e+02 7033.068303
-1.583975000000000000e+06 4.575510000000000000e+06 -1.160477795561605063e+02 7027.570635
-1.583975000000000000e+06 4.577970000000000000e+06 -9.590661672404785065e+01 7027.375420
-1.583975000000000000e+06 4.590270000000000000e+06 -5.157558141806497076e+01 7023.264260
-1.583975000000000000e+06 4.592730000000000000e+06 -4.169224555965125489e+01 7021.046815
-1.583975000000000000e+06 4.600110000000000000e+06 -4.930151503645413413e+01 7014.783875
-1.583975000000000000e+06 4.602570000000000000e+06 -5.045148979223684904e+01 7011.495025
-1.583975000000000000e+06 4.605030000000000000e+06 -4.226469153656746158e+01 7006.271307
-1.583975000000000000e+06 4.607490000000000000e+06 -2.200089422197457267e+01 7000.221502
-1.583975000000000000e+06 4.609950000000000000e+06 -4.565796504006654288e+01 6998.595200
-1.583975000000000000e+06 4.612410000000000000e+06 -3.153010617914735292e+01 6993.386127
-1.583975000000000000e+06 4.617330000000000000e+06 -2.987911690690660649e+01 6983.309483
-1.583975000000000000e+06 4.627170000000000000e+06 -5.353694561872354285e+01 6957.415734
-1.583975000000000000e+06 4.629630000000000000e+06 -6.644510233163200041e+01 6951.864632
-1.581565000000000000e+06 4.533690000000000000e+06 -7.361605439179843415e+02 6998.919179
-1.581565000000000000e+06 4.550910000000000000e+06 -3.134373738830508955e+02 7017.735616
-1.581565000000000000e+06 4.558290000000000000e+06 -3.723623806760403454e+02 7032.031945
-1.581565000000000000e+06 4.560750000000000000e+06 -4.927799602562947712e+02 7044.884599
-1.581565000000000000e+06 4.565670000000000000e+06 -5.993565474997886895e+02 7058.435895
-1.581565000000000000e+06 4.568130000000000000e+06 -6.295425889878061980e+02 7058.976189
-1.581565000000000000e+06 4.570590000000000000e+06 -4.661766531628038592e+02 7049.161202
-1.581565000000000000e+06 4.577970000000000000e+06 -1.415943481078369359e+02 7036.844755
-1.581565000000000000e+06 4.580430000000000000e+06 -1.360364053470848376e+02 7037.168388
-1.581565000000000000e+06 4.582890000000000000e+06 -1.086802148043980338e+02 7035.127827
-1.581565000000000000e+06 4.585350000000000000e+06 -8.772399869895147617e+01 7032.952525
-1.581565000000000000e+06 4.595190000000000000e+06 -3.681963484590432500e+01 7024.012204
-1.581565000000000000e+06 4.597650000000000000e+06 -1.458877920961984742e+01 7020.579560
-1.581565000000000000e+06 4.600110000000000000e+06 -2.724662806757676137e+01 7019.533437
-1.581565000000000000e+06 4.602570000000000000e+06 -3.748357815416462557e+01 7017.240736
-1.581565000000000000e+06 4.605030000000000000e+06 -2.730467137912215136e+01 7012.045022
-1.581565000000000000e+06 4.607490000000000000e+06 -3.179802482808464248e+01 7007.983412
-1.581565000000000000e+06 4.609950000000000000e+06 -5.744376353892199916e+01 7003.952312
-1.581565000000000000e+06 4.612410000000000000e+06 -6.233114391629986528e+01 7000.486720
-1.581565000000000000e+06 4.614870000000000000e+06 -4.261811478629988414e+01 6994.475585
-1.581565000000000000e+06 4.617330000000000000e+06 -2.344886086115918289e+01 6988.282591
-1.581565000000000000e+06 4.619790000000000000e+06 -2.542137928478242870e+01 6983.084958
-1.581565000000000000e+06 4.622250000000000000e+06 -2.322888016443296877e+01 6975.490106
-1.581565000000000000e+06 4.624710000000000000e+06 -4.383788924625527983e+01 6969.146690
-1.581565000000000000e+06 4.627170000000000000e+06 -4.070392366454003508e+01 6962.135892
-1.579155000000000000e+06 4.545990000000000000e+06 -5.148728412048124028e+02 7024.629418
-1.579155000000000000e+06 4.550910000000000000e+06 -4.227601951098774862e+02 7029.976009
-1.579155000000000000e+06 4.558290000000000000e+06 -4.301592195226190825e+02 7043.132236
-1.579155000000000000e+06 4.573050000000000000e+06 -1.974781572368577827e+02 7042.897213
-1.579155000000000000e+06 4.575510000000000000e+06 -1.593046893047404637e+02 7040.933774
-1.579155000000000000e+06 4.585350000000000000e+06 -8.439771724776488782e+01 7038.990619
-1.579155000000000000e+06 4.590270000000000000e+06 -5.701928375343569400e+01 7034.693386
-1.579155000000000000e+06 4.592730000000000000e+06 -6.419390345389783192e+01 7033.044322
-1.579155000000000000e+06 4.595190000000000000e+06 -7.585399467797813600e+01 7031.416683
-1.579155000000000000e+06 4.600110000000000000e+06 -3.201333183358921985e+01 7024.153658
-1.579155000000000000e+06 4.602570000000000000e+06 -1.348141533238073642e+01 7020.189925
-1.579155000000000000e+06 4.605030000000000000e+06 -2.835082122352185507e+01 7017.804607
-1.579155000000000000e+06 4.609950000000000000e+06 -6.805891005320917486e+01 7010.087714
-1.579155000000000000e+06 4.614870000000000000e+06 -5.575265185884509123e+01 7000.786980
-1.579155000000000000e+06 4.617330000000000000e+06 -2.271358066156103916e+01 6994.448248
-1.579155000000000000e+06 4.622250000000000000e+06 -2.613357573919604349e+01 6981.027894
-1.579155000000000000e+06 4.624710000000000000e+06 -2.615467653906976153e+01 6975.023906
-1.576745000000000000e+06 4.531230000000000000e+06 -7.569773545659168121e+02 7001.905262
-1.576745000000000000e+06 4.541070000000000000e+06 -8.162372506273791259e+02 7036.427111
-1.576745000000000000e+06 4.558290000000000000e+06 -5.563390090730749762e+02 7055.973952
-1.576745000000000000e+06 4.570590000000000000e+06 -2.022239405967214054e+02 7045.896679
-1.576745000000000000e+06 4.575510000000000000e+06 -2.131862724955615533e+02 7049.437544
-1.576745000000000000e+06 4.577970000000000000e+06 -2.072335669580195940e+02 7050.901518
-1.576745000000000000e+06 4.582890000000000000e+06 -1.338141319055464749e+02 7046.590614
-1.576745000000000000e+06 4.585350000000000000e+06 -9.423007853675076717e+01 7044.462399
-1.576745000000000000e+06 4.587810000000000000e+06 -9.302750028073660360e+01 7043.711501
-1.576745000000000000e+06 4.590270000000000000e+06 -9.313290781294894316e+01 7041.725987
-1.576745000000000000e+06 4.595190000000000000e+06 -1.031153241615184584e+02 7038.615374
-1.576745000000000000e+06 4.597650000000000000e+06 -1.005905259052945553e+02 7035.667223
-1.576745000000000000e+06 4.600110000000000000e+06 -5.074786696269649866e+01 7029.992683
-1.576745000000000000e+06 4.607490000000000000e+06 -5.445360844029012526e+01 7020.293972
-1.576745000000000000e+06 4.609950000000000000e+06 -9.500624584926326577e+01 7017.335295
-1.576745000000000000e+06 4.617330000000000000e+06 -4.582740823793685081e+01 7000.330953
-1.576745000000000000e+06 4.624710000000000000e+06 -2.447538286612334346e+01 6977.254472
-1.576745000000000000e+06 4.627170000000000000e+06 -2.157619049206006778e+01 6969.589479
-1.574335000000000000e+06 4.538610000000000000e+06 -8.596206087544622960e+02 7034.414384
-1.574335000000000000e+06 4.543530000000000000e+06 -7.781527224809049130e+02 7042.002913
-1.574335000000000000e+06 4.548450000000000000e+06 -4.886784453449469083e+02 7036.116590
-1.574335000000000000e+06 4.555830000000000000e+06 -7.623251964937439880e+02 7063.945882
-1.574335000000000000e+06 4.558290000000000000e+06 -6.743760807278551965e+02 7062.799571
-1.574335000000000000e+06 4.560750000000000000e+06 -5.386694812709289408e+02 7061.372847
-1.574335000000000000e+06 4.565670000000000000e+06 -3.725006997650145877e+02 7056.489569
-1.574335000000000000e+06 4.568130000000000000e+06 -3.286863699234592104e+02 7055.950394
-1.574335000000000000e+06 4.573050000000000000e+06 -3.011757008466773868e+02 7058.597694
-1.574335000000000000e+06 4.575510000000000000e+06 -3.249641857972086996e+02 7060.564945
-1.574335000000000000e+06 4.577970000000000000e+06 -2.679705771691877203e+02 7058.570763
-1.574335000000000000e+06 4.580430000000000000e+06 -1.915645465392557298e+02 7054.497289
-1.574335000000000000e+06 4.582890000000000000e+06 -1.335993139510098899e+02 7050.767744
-1.574335000000000000e+06 4.585350000000000000e+06 -1.107001523441541053e+02 7048.997535
-1.574335000000000000e+06 4.587810000000000000e+06 -1.213981935227830604e+02 7047.787156
-1.574335000000000000e+06 4.590270000000000000e+06 -8.242397596736871890e+01 7044.060088
-1.574335000000000000e+06 4.592730000000000000e+06 -7.074699393959829763e+01 7041.847160
-1.574335000000000000e+06 4.595190000000000000e+06 -7.000132376185733563e+01 7039.682092
-1.574335000000000000e+06 4.602570000000000000e+06 -3.265163395198679552e+01 7028.170339
-1.574335000000000000e+06 4.605030000000000000e+06 -2.482846716316078073e+01 7023.801582
-1.574335000000000000e+06 4.612410000000000000e+06 -7.304415813734068763e+01 7014.742074
-1.571925000000000000e+06 4.536150000000000000e+06 -8.176420107562285011e+02 7028.234604
-1.571925000000000000e+06 4.541070000000000000e+06 -8.321576742965721678e+02 7043.976887
-1.571925000000000000e+06 4.545990000000000000e+06 -5.520283527924732425e+02 7036.313978
-1.571925000000000000e+06 4.548450000000000000e+06 -5.566209617741463944e+02 7045.815784
-1.571925000000000000e+06 4.550910000000000000e+06 -4.722906700752390066e+02 7043.838799
-1.571925000000000000e+06 4.553370000000000000e+06 -4.375598964996021891e+02 7046.109153
-1.571925000000000000e+06 4.558290000000000000e+06 -4.182402092124672208e+02 7051.356971
-1.571925000000000000e+06 4.568130000000000000e+06 -2.151270687014318241e+02 7052.642389
-1.571925000000000000e+06 4.575510000000000000e+06 -3.039679366536686302e+02 7062.513883
-1.571925000000000000e+06 4.577970000000000000e+06 -2.673340505644844711e+02 7061.762032
-1.571925000000000000e+06 4.580430000000000000e+06 -2.151147288461235121e+02 7059.432143
-1.571925000000000000e+06 4.585350000000000000e+06 -1.375985072970187275e+02 7054.101092
-1.571925000000000000e+06 4.587810000000000000e+06 -1.534115346016027672e+02 7053.843424
-1.571925000000000000e+06 4.590270000000000000e+06 -1.134287206305072573e+02 7049.710995
-1.571925000000000000e+06 4.592730000000000000e+06 -8.944674264462182123e+01 7046.632818
-1.571925000000000000e+06 4.595190000000000000e+06 -6.767028614599769298e+01 7043.379306
-1.571925000000000000e+06 4.597650000000000000e+06 -4.589789819701999107e+01 7038.064709
-1.571925000000000000e+06 4.602570000000000000e+06 -6.614647355173219978e+01 7034.038022
-1.571925000000000000e+06 4.605030000000000000e+06 -4.530618317275762763e+01 7028.735559
-1.571925000000000000e+06 4.607490000000000000e+06 -4.891806551959878391e+01 7025.642647
-1.571925000000000000e+06 4.609950000000000000e+06 -8.067249627612534368e+01 7022.859438
-1.571925000000000000e+06 4.614870000000000000e+06 -7.009962349655940272e+01 7013.150494
-1.571925000000000000e+06 4.617330000000000000e+06 -6.928730249038908084e+01 7008.560196
-1.571925000000000000e+06 4.619790000000000000e+06 -6.659275739190709942e+01 7003.120950
-1.571925000000000000e+06 4.624710000000000000e+06 -3.813287541405781411e+01 6986.486603
-1.571925000000000000e+06 4.627170000000000000e+06 -4.428173503675239431e+01 6978.791236
-1.569515000000000000e+06 4.536150000000000000e+06 -8.195618777586169017e+02 7028.701220
-1.569515000000000000e+06 4.545990000000000000e+06 -6.837425916302725000e+02 7049.855993
-1.569515000000000000e+06 4.548450000000000000e+06 -7.068299222176933654e+02 7056.909396
-1.569515000000000000e+06 4.558290000000000000e+06 -6.705823153088418849e+02 7064.326423
-1.569515000000000000e+06 4.560750000000000000e+06 -4.748426845290156280e+02 7059.001131
-1.569515000000000000e+06 4.563210000000000000e+06 -2.833349925163256557e+02 7054.246976
-1.569515000000000000e+06 4.568130000000000000e+06 -2.501111645145833222e+02 7058.482530
-1.569515000000000000e+06 4.570590000000000000e+06 -2.104413797925280676e+02 7057.689905
-1.569515000000000000e+06 4.573050000000000000e+06 -1.958119008948776241e+02 7058.260694
-1.569515000000000000e+06 4.575510000000000000e+06 -2.207746633815170867e+02 7060.500236
-1.569515000000000000e+06 4.577970000000000000e+06 -2.350289520842584068e+02 7062.563595
-1.569515000000000000e+06 4.580430000000000000e+06 -2.061048811623178381e+02 7061.474736
-1.569515000000000000e+06 4.582890000000000000e+06 -1.942503161239527003e+02 7061.322531
-1.569515000000000000e+06 4.585350000000000000e+06 -2.168138402049300169e+02 7061.702314
-1.569515000000000000e+06 4.587810000000000000e+06 -1.577963889976058169e+02 7056.729775
-1.569515000000000000e+06 4.592730000000000000e+06 -1.136821558882104881e+02 7050.309617
-1.569515000000000000e+06 4.595190000000000000e+06 -1.040214277787105601e+02 7047.643351
-1.569515000000000000e+06 4.597650000000000000e+06 -6.602455482714546520e+01 7042.597211
-1.569515000000000000e+06 4.602570000000000000e+06 -7.099923602010223078e+01 7037.577406
-1.569515000000000000e+06 4.607490000000000000e+06 -3.731743307869571424e+01 7028.044275
-1.569515000000000000e+06 4.612410000000000000e+06 -7.821891247216140641e+01 7021.958594
-1.569515000000000000e+06 4.614870000000000000e+06 -7.881049367549289286e+01 7017.498292
-1.569515000000000000e+06 4.619790000000000000e+06 -4.884734122991974203e+01 7003.288806
-1.569515000000000000e+06 4.624710000000000000e+06 -3.981515673805470357e+01 6988.346848
-1.569515000000000000e+06 4.627170000000000000e+06 -5.277885413643101487e+01 6981.301183
-1.567105000000000000e+06 4.533690000000000000e+06 -7.387289555403873464e+02 7019.797551
-1.567105000000000000e+06 4.541070000000000000e+06 -9.033109246783523076e+02 7053.009584
-1.567105000000000000e+06 4.548450000000000000e+06 -6.786127262403484792e+02 7055.817634
-1.567105000000000000e+06 4.550910000000000000e+06 -5.503441057983243354e+02 7052.611709
-1.567105000000000000e+06 4.560750000000000000e+06 -4.478535035630511629e+02 7061.371837
-1.567105000000000000e+06 4.563210000000000000e+06 -2.880754341878722471e+02 7058.090258
-1.567105000000000000e+06 4.568130000000000000e+06 -2.855805946863947042e+02 7063.559280
-1.567105000000000000e+06 4.570590000000000000e+06 -3.082860062588068217e+02 7065.936902
-1.567105000000000000e+06 4.573050000000000000e+06 -2.296598778757719970e+02 7063.254981
-1.567105000000000000e+06 4.575510000000000000e+06 -2.186392743241610788e+02 7063.023834
-1.567105000000000000e+06 4.577970000000000000e+06 -2.151242000305342117e+02 7064.500337
-1.567105000000000000e+06 4.580430000000000000e+06 -2.061103071301507725e+02 7064.106360
-1.567105000000000000e+06 4.585350000000000000e+06 -1.467101864891463094e+02 7058.934856
-1.567105000000000000e+06 4.587810000000000000e+06 -1.493441225545283544e+02 7058.251137
-1.567105000000000000e+06 4.592730000000000000e+06 -1.148100864973622919e+02 7053.742306
-1.567105000000000000e+06 4.595190000000000000e+06 -1.183580553256641821e+02 7051.567364
-1.567105000000000000e+06 4.597650000000000000e+06 -8.136976612661894137e+01 7046.937980
-1.567105000000000000e+06 4.605030000000000000e+06 -4.163293364793005225e+01 7035.018527
-1.567105000000000000e+06 4.607490000000000000e+06 -3.462668588602453212e+01 7031.399534
-1.567105000000000000e+06 4.609950000000000000e+06 -4.671981294855388711e+01 7027.713490
-1.567105000000000000e+06 4.612410000000000000e+06 -8.317245392300903006e+01 7025.249052
-1.567105000000000000e+06 4.614870000000000000e+06 -9.419968687416738362e+01 7020.895187
-1.567105000000000000e+06 4.619790000000000000e+06 -5.155999506776628039e+01 7004.711955
-1.567105000000000000e+06 4.622250000000000000e+06 -5.271734367766137552e+01 6998.437034
-1.567105000000000000e+06 4.624710000000000000e+06 -4.269329195971722157e+01 6991.192920
-1.567105000000000000e+06 4.627170000000000000e+06 -5.245610221271160611e+01 6984.109267
-1.567105000000000000e+06 4.629630000000000000e+06 -6.051251908133117752e+01 6976.232986
-1.564695000000000000e+06 4.533690000000000000e+06 -8.609965570161232336e+02 7028.685960
-1.564695000000000000e+06 4.538610000000000000e+06 -8.922450268903814958e+02 7046.724908
-1.564695000000000000e+06 4.553370000000000000e+06 -4.312169506717996228e+02 7046.961518
-1.564695000000000000e+06 4.560750000000000000e+06 -3.418814660885522017e+02 7058.155379
-1.564695000000000000e+06 4.563210000000000000e+06 -2.258661129193396562e+02 7055.741879
-1.564695000000000000e+06 4.565670000000000000e+06 -2.076499905319631978e+02 7057.455350
-1.564695000000000000e+06 4.570590000000000000e+06 -2.967060596127596455e+02 7067.758010
-1.564695000000000000e+06 4.573050000000000000e+06 -2.760751518426908433e+02 7068.115457
-1.564695000000000000e+06 4.575510000000000000e+06 -3.105361451937573634e+02 7069.913387
-1.564695000000000000e+06 4.577970000000000000e+06 -1.754572911958128429e+02 7062.345521
-1.564695000000000000e+06 4.580430000000000000e+06 -2.006960045193837914e+02 7065.045597
-1.564695000000000000e+06 4.582890000000000000e+06 -1.793539169513699676e+02 7063.826227
-1.564695000000000000e+06 4.585350000000000000e+06 -1.800856974243562547e+02 7063.222804
-1.564695000000000000e+06 4.587810000000000000e+06 -1.635754502915798128e+02 7060.755300
-1.564695000000000000e+06 4.590270000000000000e+06 -1.131443684515484449e+02 7057.259174
-1.564695000000000000e+06 4.592730000000000000e+06 -8.007998800019512942e+01 7053.269387
-1.564695000000000000e+06 4.597650000000000000e+06 -8.250175677642640437e+01 7049.140628
-1.564695000000000000e+06 4.602570000000000000e+06 -5.105231308777860022e+01 7041.902158
-1.564695000000000000e+06 4.607490000000000000e+06 -6.157142332989219824e+01 7035.043538
-1.564695000000000000e+06 4.612410000000000000e+06 -7.888134622849418065e+01 7026.563687
-1.564695000000000000e+06 4.619790000000000000e+06 -6.329300484064951604e+01 7007.854598
-1.564695000000000000e+06 4.622250000000000000e+06 -5.747555463303048384e+01 7000.499883
-1.564695000000000000e+06 4.624710000000000000e+06 -4.514912433760680699e+01 6992.825505
-1.564695000000000000e+06 4.627170000000000000e+06 -4.040876934103513918e+01 6985.623475
-1.564695000000000000e+06 4.629630000000000000e+06 -6.205008931373514258e+01 6978.231879
-1.562285000000000000e+06 4.536150000000000000e+06 -9.118294741565198365e+02 7040.948317
-1.562285000000000000e+06 4.541070000000000000e+06 -9.240393443296862870e+02 7056.819707
-1.562285000000000000e+06 4.548450000000000000e+06 -8.578686300754053491e+02 7068.743620
-1.562285000000000000e+06 4.550910000000000000e+06 -8.206949732614922368e+02 7070.219932
-1.562285000000000000e+06 4.555830000000000000e+06 -7.333432396543619234e+02 7066.690780
-1.562285000000000000e+06 4.558290000000000000e+06 -5.874499324661508126e+02 7065.720835
-1.562285000000000000e+06 4.560750000000000000e+06 -4.033677650715543450e+02 7061.483567
-1.562285000000000000e+06 4.563210000000000000e+06 -2.516560194632500611e+02 7058.235744
-1.562285000000000000e+06 4.565670000000000000e+06 -2.035562142709523812e+02 7058.702756
-1.562285000000000000e+06 4.570590000000000000e+06 -2.758974518700395606e+02 7066.705098
-1.562285000000000000e+06 4.573050000000000000e+06 -3.281554524401769868e+02 7071.642495
-1.562285000000000000e+06 4.577970000000000000e+06 -2.357409360720739642e+02 7067.563848
-1.562285000000000000e+06 4.580430000000000000e+06 -1.829401158623021502e+02 7065.084055
-1.562285000000000000e+06 4.582890000000000000e+06 -1.844145071625579817e+02 7064.806763
-1.562285000000000000e+06 4.585350000000000000e+06 -1.858830963904814837e+02 7064.548524
-1.562285000000000000e+06 4.587810000000000000e+06 -1.410595741687567113e+02 7060.527851
-1.562285000000000000e+06 4.590270000000000000e+06 -8.978464167154936604e+01 7056.110519
-1.562285000000000000e+06 4.592730000000000000e+06 -6.091916528559780630e+01 7053.153259
-1.562285000000000000e+06 4.595190000000000000e+06 -7.503716471147345146e+01 7052.377687
-1.562285000000000000e+06 4.600110000000000000e+06 -5.834563467798383840e+01 7046.829228
-1.562285000000000000e+06 4.602570000000000000e+06 -4.248551912798330932e+01 7042.793167
-1.562285000000000000e+06 4.607490000000000000e+06 -1.048282950749132567e+02 7038.006092
-1.562285000000000000e+06 4.612410000000000000e+06 -5.818121833529835385e+01 7027.053323
-1.562285000000000000e+06 4.617330000000000000e+06 -8.981635928929904367e+01 7017.545331
-1.562285000000000000e+06 4.624710000000000000e+06 -5.308985761434062312e+01 6993.166511
-1.562285000000000000e+06 4.629630000000000000e+06 -6.052237525368222038e+01 6978.389374
-1.559875000000000000e+06 4.533690000000000000e+06 -8.118333374237092812e+02 7028.370842
-1.559875000000000000e+06 4.543530000000000000e+06 -1.108458340553300786e+03 7071.154136
-1.559875000000000000e+06 4.545990000000000000e+06 -1.240427445143185423e+03 7078.854321
-1.559875000000000000e+06 4.553370000000000000e+06 -9.624782662927341335e+02 7077.568084
-1.559875000000000000e+06 4.555830000000000000e+06 -9.624782662927341335e+02 7076.547949
-1.559875000000000000e+06 4.558290000000000000e+06 -7.817573284376730953e+02 7068.138446
-1.559875000000000000e+06 4.560750000000000000e+06 -3.972354125791789556e+02 7064.114435
-1.559875000000000000e+06 4.568130000000000000e+06 -2.440192722885081480e+02 7064.390552
-1.559875000000000000e+06 4.570590000000000000e+06 -2.512578839054046398e+02 7066.720874
-1.559875000000000000e+06 4.577970000000000000e+06 -2.263059449156499738e+02 7068.267572
-1.559875000000000000e+06 4.580430000000000000e+06 -1.475661249892784213e+02 7063.804529
-1.559875000000000000e+06 4.582890000000000000e+06 -1.237315790374836126e+02 7061.694901
-1.559875000000000000e+06 4.585350000000000000e+06 -1.331148598639786940e+02 7062.038414
-1.559875000000000000e+06 4.587810000000000000e+06 -1.293848321617980162e+02 7061.019170
-1.559875000000000000e+06 4.590270000000000000e+06 -9.155674475164579462e+01 7057.551192
-1.559875000000000000e+06 4.592730000000000000e+06 -8.332176086649367619e+01 7055.457428
-1.559875000000000000e+06 4.600110000000000000e+06 -6.217469292230495626e+01 7047.072158
-1.559875000000000000e+06 4.602570000000000000e+06 -7.893876042788095049e+01 7045.572428
-1.559875000000000000e+06 4.605030000000000000e+06 -7.739956096297891008e+01 7042.177398
-1.559875000000000000e+06 4.612410000000000000e+06 -6.762858194106178189e+01 7029.774431
-1.559875000000000000e+06 4.614870000000000000e+06 -9.041325829771945166e+01 7025.350525
-1.559875000000000000e+06 4.617330000000000000e+06 -9.839291923062788214e+01 7019.222944
-1.559875000000000000e+06 4.619790000000000000e+06 -9.450008250518416730e+01 7013.678842
-1.559875000000000000e+06 4.624710000000000000e+06 -5.212959947061222010e+01 6994.506420
-1.559875000000000000e+06 4.627170000000000000e+06 -5.457586374868939316e+01 6986.429894
-1.557465000000000000e+06 4.541070000000000000e+06 -9.933844295921703633e+02 7062.063832
-1.557465000000000000e+06 4.548450000000000000e+06 -1.192201619940608452e+03 7092.337449
-1.557465000000000000e+06 4.558290000000000000e+06 -7.817573284376730953e+02 7067.548263
-1.557465000000000000e+06 4.565670000000000000e+06 -2.428717472707311060e+02 7060.711714
-1.557465000000000000e+06 4.575510000000000000e+06 -3.004906305450505215e+02 7070.285160
-1.557465000000000000e+06 4.577970000000000000e+06 -2.263059449156499738e+02 7069.097962
-1.557465000000000000e+06 4.580430000000000000e+06 -1.475661249892784213e+02 7063.650093
-1.557465000000000000e+06 4.582890000000000000e+06 -1.237315790374836126e+02 7061.815379
-1.557465000000000000e+06 4.585350000000000000e+06 -1.331148598639786940e+02 7063.726477
-1.557465000000000000e+06 4.587810000000000000e+06 -1.293848321617980162e+02 7061.210019
-1.557465000000000000e+06 4.590270000000000000e+06 -9.155674475164579462e+01 7058.626224
-1.557465000000000000e+06 4.592730000000000000e+06 -8.332176086649367619e+01 7055.000151
-1.557465000000000000e+06 4.595190000000000000e+06 -9.377960688506189513e+01 7054.077773
-1.557465000000000000e+06 4.597650000000000000e+06 -7.993158129514827692e+01 7051.893047
-1.557465000000000000e+06 4.600110000000000000e+06 -6.217469292230495626e+01 7048.327869
-1.557465000000000000e+06 4.605030000000000000e+06 -7.739956096297891008e+01 7043.697215
-1.557465000000000000e+06 4.607490000000000000e+06 -1.096229364740945016e+02 7042.086541
-1.557465000000000000e+06 4.612410000000000000e+06 -6.762858194106178189e+01 7030.832335
-1.557465000000000000e+06 4.614870000000000000e+06 -9.041325829771945166e+01 7026.469569
-1.557465000000000000e+06 4.619790000000000000e+06 -9.450008250518416730e+01 7012.464358
-1.557465000000000000e+06 4.627170000000000000e+06 -5.457586374868939316e+01 6988.612202
-1.557465000000000000e+06 4.629630000000000000e+06 -8.108806861451819259e+01 6980.736919
-1.555055000000000000e+06 4.533690000000000000e+06 -8.021219729706788257e+02 7028.308740
-1.555055000000000000e+06 4.536150000000000000e+06 -8.340881787777121872e+02 7037.520583
-1.555055000000000000e+06 4.553370000000000000e+06 -8.124292895741159555e+02 7069.662088
-1.555055000000000000e+06 4.555830000000000000e+06 -8.124292895741159555e+02 7072.911135
-1.555055000000000000e+06 4.558290000000000000e+06 -5.691316731429465108e+02 7069.358178
-1.555055000000000000e+06 4.560750000000000000e+06 -4.110788244163595095e+02 7065.722427
-1.555055000000000000e+06 4.563210000000000000e+06 -3.674385368610861065e+02 7066.319522
-1.555055000000000000e+06 4.568130000000000000e+06 -3.674399516180143905e+02 7069.062053
-1.555055000000000000e+06 4.570590000000000000e+06 -3.894193805130545343e+02 7075.986097
-1.555055000000000000e+06 4.575510000000000000e+06 -2.258439655839626425e+02 7067.496190
-1.555055000000000000e+06 4.577970000000000000e+06 -2.237671656099873871e+02 7068.731888
-1.555055000000000000e+06 4.580430000000000000e+06 -2.155319178423167727e+02 7068.336304
-1.555055000000000000e+06 4.590270000000000000e+06 -7.989522650759630551e+01 7056.228550
-1.555055000000000000e+06 4.592730000000000000e+06 -9.481742829795895489e+01 7055.797320
-1.555055000000000000e+06 4.595190000000000000e+06 -1.250491723308933274e+02 7055.785278
-1.555055000000000000e+06 4.600110000000000000e+06 -9.807511399710236333e+01 7050.974667
-1.555055000000000000e+06 4.602570000000000000e+06 -1.318626985100869433e+02 7050.263033
-1.555055000000000000e+06 4.605030000000000000e+06 -8.947759993396103084e+01 7044.267874
-1.555055000000000000e+06 4.607490000000000000e+06 -1.090814876260505457e+02 7042.201963
-1.555055000000000000e+06 4.609950000000000000e+06 -9.055080291486348187e+01 7037.416870
-1.555055000000000000e+06 4.614870000000000000e+06 -1.143721667804167481e+02 7027.522242
-1.555055000000000000e+06 4.619790000000000000e+06 -1.027479528972067442e+02 7012.519318
-1.555055000000000000e+06 4.622250000000000000e+06 -7.615726277354896467e+01 7004.526109
-1.555055000000000000e+06 4.624710000000000000e+06 -5.637399144226255032e+01 6995.257650
-1.555055000000000000e+06 4.627170000000000000e+06 -5.374994572537099913e+01 6987.724658
-1.555055000000000000e+06 4.629630000000000000e+06 -7.953447182257022519e+01 6980.980540
-1.552645000000000000e+06 4.545990000000000000e+06 -9.409177915733989721e+02 7070.251591
-1.552645000000000000e+06 4.548450000000000000e+06 -9.695168881873597684e+02 7077.122121
-1.552645000000000000e+06 4.558290000000000000e+06 -5.620790395805216804e+02 7067.477284
-1.552645000000000000e+06 4.570590000000000000e+06 -4.267360066371845733e+02 7075.630629
-1.552645000000000000e+06 4.573050000000000000e+06 -2.683365102733562821e+02 7069.073738
-1.552645000000000000e+06 4.577970000000000000e+06 -1.800145784612529098e+02 7063.546533
-1.552645000000000000e+06 4.580430000000000000e+06 -1.409201689928960377e+02 7062.762135
-1.552645000000000000e+06 4.582890000000000000e+06 -1.377560192922195199e+02 7062.571173
-1.552645000000000000e+06 4.585350000000000000e+06 -1.303760769731712230e+02 7061.597335
-1.552645000000000000e+06 4.587810000000000000e+06 -9.335277969870040238e+01 7058.647046
-1.552645000000000000e+06 4.590270000000000000e+06 -1.108263845233563245e+02 7059.093856
-1.552645000000000000e+06 4.592730000000000000e+06 -1.229757106666588129e+02 7057.741342
-1.552645000000000000e+06 4.595190000000000000e+06 -9.486954515187098025e+01 7053.995087
-1.552645000000000000e+06 4.597650000000000000e+06 -8.053570954924300906e+01 7051.764639
-1.552645000000000000e+06 4.602570000000000000e+06 -1.298557610184978159e+02 7049.432345
-1.552645000000000000e+06 4.605030000000000000e+06 -1.224484549904832988e+02 7046.005332
-1.552645000000000000e+06 4.607490000000000000e+06 -1.213252217779490394e+02 7042.823386
-1.552645000000000000e+06 4.609950000000000000e+06 -1.132100714515827065e+02 7038.676450
-1.552645000000000000e+06 4.612410000000000000e+06 -8.770528462430729633e+01 7032.477281
-1.552645000000000000e+06 4.614870000000000000e+06 -1.138147247256845560e+02 7025.065074
-1.550235000000000000e+06 4.533690000000000000e+06 -8.901597671216575236e+02 7031.218464
-1.550235000000000000e+06 4.541070000000000000e+06 -8.469445507797749997e+02 7050.658951
-1.550235000000000000e+06 4.560750000000000000e+06 -6.397016532882438469e+02 7073.521606
-1.550235000000000000e+06 4.563210000000000000e+06 -5.187809538036590311e+02 7069.486716
-1.550235000000000000e+06 4.568130000000000000e+06 -4.715684593572630092e+02 7073.750685
-1.550235000000000000e+06 4.573050000000000000e+06 -3.005651123818335009e+02 7069.480518
-1.550235000000000000e+06 4.577970000000000000e+06 -3.149085840610184732e+02 7071.340912
-1.550235000000000000e+06 4.580430000000000000e+06 -2.423858563416245033e+02 7067.945359
-1.550235000000000000e+06 4.582890000000000000e+06 -1.594173188771573564e+02 7062.531484
-1.550235000000000000e+06 4.585350000000000000e+06 -1.566134237699458538e+02 7062.512593
-1.550235000000000000e+06 4.587810000000000000e+06 -1.472685749576961598e+02 7061.779592
-1.550235000000000000e+06 4.590270000000000000e+06 -1.175455464154017875e+02 7058.510883
-1.550235000000000000e+06 4.592730000000000000e+06 -1.231585414929007811e+02 7057.874919
-1.550235000000000000e+06 4.595190000000000000e+06 -1.251927870128299247e+02 7055.342456
-1.550235000000000000e+06 4.597650000000000000e+06 -9.891690688915619489e+01 7052.052340
-1.550235000000000000e+06 4.600110000000000000e+06 -1.403563104539130393e+02 7052.471099
-1.550235000000000000e+06 4.602570000000000000e+06 -1.681808124599317011e+02 7051.669221
-1.550235000000000000e+06 4.605030000000000000e+06 -1.402059236050019990e+02 7046.616888
-1.550235000000000000e+06 4.607490000000000000e+06 -1.286021076032123744e+02 7041.917258
-1.550235000000000000e+06 4.614870000000000000e+06 -1.265162290080491090e+02 7024.977941
-1.550235000000000000e+06 4.619790000000000000e+06 -1.078030718629387366e+02 7010.829620
-1.550235000000000000e+06 4.622250000000000000e+06 -8.222928013766303934e+01 7002.772290
-1.547825000000000000e+06 4.538610000000000000e+06 -9.228417403349524193e+02 7047.600854
-1.547825000000000000e+06 4.550910000000000000e+06 -9.578224970890073564e+02 7078.371337
-1.547825000000000000e+06 4.553370000000000000e+06 -1.024718194649462475e+03 7084.702911
-1.547825000000000000e+06 4.560750000000000000e+06 -8.207089465935872568e+02 7084.490522
-1.547825000000000000e+06 4.563210000000000000e+06 -7.779336882127493027e+02 7085.210351
-1.547825000000000000e+06 4.565670000000000000e+06 -8.017231681249332951e+02 7090.857269
-1.547825000000000000e+06 4.573050000000000000e+06 -3.312501593861913420e+02 7069.283996
-1.547825000000000000e+06 4.577970000000000000e+06 -3.309833441087960750e+02 7072.001283
-1.547825000000000000e+06 4.580430000000000000e+06 -1.932692300236342362e+02 7063.317727
-1.547825000000000000e+06 4.582890000000000000e+06 -1.861288723017353277e+02 7063.064362
-1.547825000000000000e+06 4.585350000000000000e+06 -1.969833470612791189e+02 7063.617392
-1.547825000000000000e+06 4.587810000000000000e+06 -1.740446755989470375e+02 7062.844783
-1.547825000000000000e+06 4.590270000000000000e+06 -1.467817691119942083e+02 7059.675691
-1.547825000000000000e+06 4.592730000000000000e+06 -1.395129050622001898e+02 7058.320042
-1.547825000000000000e+06 4.597650000000000000e+06 -1.167766650553756733e+02 7052.635314
-1.547825000000000000e+06 4.600110000000000000e+06 -1.409929786971990211e+02 7051.829685
-1.547825000000000000e+06 4.602570000000000000e+06 -1.933821610581025823e+02 7052.063602
-1.547825000000000000e+06 4.605030000000000000e+06 -1.444165309359716787e+02 7045.643615
-1.547825000000000000e+06 4.617330000000000000e+06 -1.329373958546487984e+02 7019.034475
-1.547825000000000000e+06 4.619790000000000000e+06 -1.084161448462081836e+02 7010.395022
-1.545415000000000000e+06 4.531230000000000000e+06 -7.962328286667260500e+02 7012.765406
-1.545415000000000000e+06 4.548450000000000000e+06 -1.079879508964397928e+03 7077.702194
-1.545415000000000000e+06 4.558290000000000000e+06 -1.133600271540939957e+03 7099.361293
-1.545415000000000000e+06 4.565670000000000000e+06 -1.035040371006088435e+03 7099.979049
-1.545415000000000000e+06 4.568130000000000000e+06 -8.496667857296204147e+02 7091.608010
-1.545415000000000000e+06 4.570590000000000000e+06 -6.046104275236391459e+02 7081.742710
-1.545415000000000000e+06 4.573050000000000000e+06 -4.813501933828832193e+02 7076.954357
-1.545415000000000000e+06 4.575510000000000000e+06 -4.505385517327708840e+02 7074.715095
-1.545415000000000000e+06 4.580430000000000000e+06 -2.795424729172424918e+02 7067.718675
-1.545415000000000000e+06 4.582890000000000000e+06 -1.927421696799465565e+02 7061.189754
-1.545415000000000000e+06 4.585350000000000000e+06 -2.315003371945958861e+02 7063.810381
-1.545415000000000000e+06 4.587810000000000000e+06 -1.895124311533155037e+02 7060.983942
-1.545415000000000000e+06 4.590270000000000000e+06 -1.537511315588312755e+02 7058.331658
-1.545415000000000000e+06 4.592730000000000000e+06 -1.386312643468180568e+02 7056.280375
-1.545415000000000000e+06 4.609950000000000000e+06 -1.006558440560793741e+02 7031.825598
-1.545415000000000000e+06 4.617330000000000000e+06 -1.383213763139971775e+02 7016.660790
-1.545415000000000000e+06 4.619790000000000000e+06 -1.104733418559633265e+02 7008.487657
-1.545415000000000000e+06 4.624710000000000000e+06 -1.027546688874057565e+02 6994.692358
-1.545415000000000000e+06 4.629630000000000000e+06 -7.593561353717926465e+01 6975.413419
-1.543005000000000000e+06 4.538610000000000000e+06 -1.034865969890715405e+03 7045.820175
-1.543005000000000000e+06 4.541070000000000000e+06 -1.009525677586811639e+03 7054.516441
-1.543005000000000000e+06 4.545990000000000000e+06 -1.087446289844858484e+03 7070.364886
-1.543005000000000000e+06 4.550910000000000000e+06 -1.034772362263639934e+03 7078.278833
-1.543005000000000000e+06 4.555830000000000000e+06 -1.091823533998613129e+03 7087.622766
-1.543005000000000000e+06 4.558290000000000000e+06 -1.180419372889934948e+03 7099.644585
-1.543005000000000000e+06 4.563210000000000000e+06 -1.019801681521289538e+03 7096.705313
-1.543005000000000000e+06 4.570590000000000000e+06 -5.946428636652269688e+02 7077.180955
-1.543005000000000000e+06 4.575510000000000000e+06 -2.966661179572752758e+02 7062.642637
-1.543005000000000000e+06 4.577970000000000000e+06 -2.480156254744407249e+02 7062.051800
-1.543005000000000000e+06 4.580430000000000000e+06 -2.948097785867062726e+02 7066.166602
-1.543005000000000000e+06 4.582890000000000000e+06 -3.319007537819491631e+02 7066.200396
-1.543005000000000000e+06 4.587810000000000000e+06 -1.648382310849252974e+02 7055.961051
-1.543005000000000000e+06 4.590270000000000000e+06 -1.328862519817437260e+02 7053.764281
-1.543005000000000000e+06 4.592730000000000000e+06 -1.383720116519854173e+02 7053.831881
-1.543005000000000000e+06 4.600110000000000000e+06 -1.463432021070838118e+02 7047.721940
-1.543005000000000000e+06 4.602570000000000000e+06 -1.653898917093636385e+02 7046.032769
-1.543005000000000000e+06 4.605030000000000000e+06 -1.621771973789287244e+02 7042.625125
-1.543005000000000000e+06 4.607490000000000000e+06 -1.306741344815377204e+02 7035.212840
-1.543005000000000000e+06 4.614870000000000000e+06 -1.126473645112388056e+02 7016.833642
-1.543005000000000000e+06 4.622250000000000000e+06 -8.916952156062467338e+01 6996.430042
-1.540595000000000000e+06 4.541070000000000000e+06 -9.377966336626159318e+02 7046.571645
-1.540595000000000000e+06 4.555830000000000000e+06 -1.349435496448069898e+03 7101.361021
-1.540595000000000000e+06 4.558290000000000000e+06 -1.325248364691939059e+03 7098.784572
-1.540595000000000000e+06 4.560750000000000000e+06 -1.181020019345963419e+03 7094.251878
-1.540595000000000000e+06 4.565670000000000000e+06 -9.170884095730780246e+02 7089.422746
-1.540595000000000000e+06 4.568130000000000000e+06 -8.248345869292882071e+02 7086.241743
-1.540595000000000000e+06 4.575510000000000000e+06 -2.674669396061627822e+02 7057.140498
-1.540595000000000000e+06 4.577970000000000000e+06 -2.134558846053427601e+02 7055.996145
-1.540595000000000000e+06 4.580430000000000000e+06 -2.121256016434200546e+02 7055.575380
-1.540595000000000000e+06 4.582890000000000000e+06 -1.973245068516552863e+02 7054.711273
-1.540595000000000000e+06 4.585350000000000000e+06 -1.751923849244516589e+02 7053.553742
-1.540595000000000000e+06 4.587810000000000000e+06 -1.860448520343512939e+02 7053.625201
-1.540595000000000000e+06 4.590270000000000000e+06 -2.176982954810798390e+02 7056.682011
-1.540595000000000000e+06 4.592730000000000000e+06 -1.831538109096190112e+02 7052.976020
-1.540595000000000000e+06 4.595190000000000000e+06 -1.679817413947581599e+02 7050.032841
-1.540595000000000000e+06 4.597650000000000000e+06 -1.513375737519055235e+02 7047.056826
-1.540595000000000000e+06 4.602570000000000000e+06 -1.812163082938691332e+02 7043.686888
-1.540595000000000000e+06 4.605030000000000000e+06 -1.748412289742009307e+02 7038.550085
-1.540595000000000000e+06 4.607490000000000000e+06 -1.416019935140590178e+02 7032.234560
-1.540595000000000000e+06 4.612410000000000000e+06 -9.300371160931236147e+01 7019.053004
-1.540595000000000000e+06 4.614870000000000000e+06 -1.168668064225974490e+02 7014.149301
-1.540595000000000000e+06 4.622250000000000000e+06 -1.078674076484687419e+02 6993.127080
-1.540595000000000000e+06 4.624710000000000000e+06 -1.289005424891086022e+02 6986.926992
-1.538185000000000000e+06 4.541070000000000000e+06 -8.420934475250294327e+02 7036.650834
-1.538185000000000000e+06 4.555830000000000000e+06 -1.437454716531646454e+03 7094.924350
-1.538185000000000000e+06 4.558290000000000000e+06 -1.240184574286348607e+03 7083.563917
-1.538185000000000000e+06 4.560750000000000000e+06 -8.935480748411754348e+02 7078.536183
-1.538185000000000000e+06 4.568130000000000000e+06 -6.040384710863708051e+02 7069.094013
-1.538185000000000000e+06 4.573050000000000000e+06 -3.933085865713412090e+02 7060.122900
-1.538185000000000000e+06 4.577970000000000000e+06 -2.201266602932874719e+02 7051.501930
-1.538185000000000000e+06 4.580430000000000000e+06 -3.078327240617904863e+02 7057.632495
-1.538185000000000000e+06 4.582890000000000000e+06 -2.932539160073631592e+02 7057.197836
-1.538185000000000000e+06 4.585350000000000000e+06 -2.417002284545944804e+02 7054.428272
-1.538185000000000000e+06 4.587810000000000000e+06 -2.404523318039440483e+02 7053.782540
-1.538185000000000000e+06 4.590270000000000000e+06 -2.292587843524716504e+02 7053.250415
-1.538185000000000000e+06 4.592730000000000000e+06 -1.889820957952337608e+02 7049.411739
-1.538185000000000000e+06 4.595190000000000000e+06 -1.596821228956429479e+02 7045.568479
-1.538185000000000000e+06 4.597650000000000000e+06 -1.476277222846679535e+02 7042.511996
-1.538185000000000000e+06 4.605030000000000000e+06 -1.735267458009773520e+02 7034.319551
-1.538185000000000000e+06 4.609950000000000000e+06 -1.215281360329131957e+02 7021.284536
-1.538185000000000000e+06 4.612410000000000000e+06 -9.618408330996561517e+01 7012.886700
-1.538185000000000000e+06 4.617330000000000000e+06 -1.699650160241195067e+02 7008.242623
-1.538185000000000000e+06 4.619790000000000000e+06 -1.287776833278887239e+02 6997.970400
-1.538185000000000000e+06 4.622250000000000000e+06 -9.530060024083562098e+01 6989.003692
-1.538185000000000000e+06 4.624710000000000000e+06 -1.464610718552884236e+02 6984.226126
-1.538185000000000000e+06 4.627170000000000000e+06 -1.296228209335837107e+02 6975.982290
-1.538185000000000000e+06 4.629630000000000000e+06 -1.016469098296588811e+02 6966.367705
-1.535775000000000000e+06 4.533690000000000000e+06 -7.975512888907617253e+02 7006.557470
-1.535775000000000000e+06 4.536150000000000000e+06 -7.907044706335581168e+02 7013.860411
-1.535775000000000000e+06 4.545990000000000000e+06 -9.998824221188680212e+02 7054.123863
-1.535775000000000000e+06 4.558290000000000000e+06 -1.170935332284319657e+03 7075.807455
-1.535775000000000000e+06 4.560750000000000000e+06 -8.186276157493025494e+02 7068.615340
-1.535775000000000000e+06 4.563210000000000000e+06 -7.519033083396094526e+02 7067.986735
-1.535775000000000000e+06 4.565670000000000000e+06 -6.523492237384097052e+02 7062.082676
-1.535775000000000000e+06 4.568130000000000000e+06 -4.356872224881700504e+02 7053.664282
-1.535775000000000000e+06 4.573050000000000000e+06 -2.877306988102973833e+02 7049.092834
-1.535775000000000000e+06 4.577970000000000000e+06 -3.414227088202018194e+02 7055.051954
-1.535775000000000000e+06 4.580430000000000000e+06 -3.884063083707394526e+02 7058.587963
-1.535775000000000000e+06 4.582890000000000000e+06 -3.238256194191862392e+02 7055.346375
-1.535775000000000000e+06 4.585350000000000000e+06 -2.441789282848194773e+02 7050.673588
-1.535775000000000000e+06 4.587810000000000000e+06 -2.421609856611136706e+02 7049.825739
-1.535775000000000000e+06 4.592730000000000000e+06 -1.963078972483940561e+02 7045.096781
-1.535775000000000000e+06 4.595190000000000000e+06 -1.585067967922291530e+02 7040.997690
-1.535775000000000000e+06 4.597650000000000000e+06 -1.485048353983892753e+02 7038.480089
-1.535775000000000000e+06 4.602570000000000000e+06 -2.229396402939145787e+02 7036.691293
-1.535775000000000000e+06 4.607490000000000000e+06 -1.500438542027463882e+02 7024.347238
-1.535775000000000000e+06 4.609950000000000000e+06 -1.205371676473431393e+02 7018.033173
-1.535775000000000000e+06 4.612410000000000000e+06 -1.037072014652698329e+02 7010.992331
-1.535775000000000000e+06 4.617330000000000000e+06 -1.823100676857691269e+02 7005.066811
-1.535775000000000000e+06 4.619790000000000000e+06 -1.273548543323830984e+02 6994.578272
-1.535775000000000000e+06 4.622250000000000000e+06 -1.192167580115260250e+02 6987.055997
-1.535775000000000000e+06 4.624710000000000000e+06 -1.360416692856504994e+02 6979.686082
-1.535775000000000000e+06 4.627170000000000000e+06 -1.437337845447525808e+02 6971.726486
-1.533365000000000000e+06 4.533690000000000000e+06 -7.385162798931373800e+02 6998.466776
-1.533365000000000000e+06 4.553370000000000000e+06 -1.356313285667733226e+03 7083.276954
-1.533365000000000000e+06 4.555830000000000000e+06 -1.356313285667733226e+03 7080.129882
-1.533365000000000000e+06 4.563210000000000000e+06 -6.304986138235241242e+02 7055.270497
-1.533365000000000000e+06 4.568130000000000000e+06 -3.800702065722304042e+02 7046.038725
-1.533365000000000000e+06 4.570590000000000000e+06 -3.301257146318599780e+02 7044.915348
-1.533365000000000000e+06 4.575510000000000000e+06 -3.532014991130712929e+02 7048.460169
-1.533365000000000000e+06 4.580430000000000000e+06 -4.235301014587283817e+02 7056.411675
-1.533365000000000000e+06 4.582890000000000000e+06 -3.693899856920579623e+02 7053.539675
-1.533365000000000000e+06 4.585350000000000000e+06 -3.544797064897515497e+02 7052.005554
-1.533365000000000000e+06 4.587810000000000000e+06 -2.682911685036085601e+02 7046.354747
-1.533365000000000000e+06 4.590270000000000000e+06 -2.113488361270370888e+02 7041.709839
-1.533365000000000000e+06 4.592730000000000000e+06 -1.845385275411283033e+02 7039.179144
-1.533365000000000000e+06 4.597650000000000000e+06 -1.745748231784452003e+02 7033.411082
-1.533365000000000000e+06 4.600110000000000000e+06 -2.285116524393113480e+02 7034.787214
-1.533365000000000000e+06 4.602570000000000000e+06 -2.200451038493186218e+02 7031.049886
-1.533365000000000000e+06 4.605030000000000000e+06 -1.678821957060943930e+02 7023.563650
-1.533365000000000000e+06 4.612410000000000000e+06 -1.130383125261321595e+02 7005.830705
-1.533365000000000000e+06 4.624710000000000000e+06 -1.479078909061044556e+02 6974.858202
-1.530955000000000000e+06 4.536150000000000000e+06 -8.399173525921213468e+02 7005.672354
-1.530955000000000000e+06 4.548450000000000000e+06 -1.096197395911396143e+03 7054.308792
-1.530955000000000000e+06 4.555830000000000000e+06 -1.410279050470415768e+03 7084.424628
-1.530955000000000000e+06 4.563210000000000000e+06 -7.222830852706606493e+02 7052.626672
-1.530955000000000000e+06 4.565670000000000000e+06 -4.967381172252426609e+02 7045.163264
-1.530955000000000000e+06 4.568130000000000000e+06 -4.183433372096491780e+02 7043.096744
-1.530955000000000000e+06 4.573050000000000000e+06 -3.294367019853779084e+02 7042.444697
-1.530955000000000000e+06 4.577970000000000000e+06 -4.235539018773039288e+02 7049.742482
-1.530955000000000000e+06 4.580430000000000000e+06 -3.377995132182797988e+02 7045.461414
-1.530955000000000000e+06 4.585350000000000000e+06 -2.823323953380532885e+02 7041.949023
-1.530955000000000000e+06 4.590270000000000000e+06 -2.185811256223190071e+02 7036.169733
-1.530955000000000000e+06 4.592730000000000000e+06 -1.979738411449650357e+02 7033.310950
-1.530955000000000000e+06 4.595190000000000000e+06 -1.807204329802267466e+02 7031.111361
-1.530955000000000000e+06 4.597650000000000000e+06 -2.190728217032810221e+02 7031.016328
-1.530955000000000000e+06 4.600110000000000000e+06 -2.452177171228192663e+02 7029.734030
-1.530955000000000000e+06 4.605030000000000000e+06 -1.937017288861125905e+02 7019.179639
-1.530955000000000000e+06 4.612410000000000000e+06 -1.249404472587317230e+02 7001.242033
-1.530955000000000000e+06 4.614870000000000000e+06 -1.470299622671084592e+02 6997.083186
-1.530955000000000000e+06 4.629630000000000000e+06 -1.133636040259341087e+02 6951.009527
-1.528545000000000000e+06 4.536150000000000000e+06 -8.658818998196945813e+02 7001.070653
-1.528545000000000000e+06 4.560750000000000000e+06 -1.177216697025140547e+03 7063.169315
-1.528545000000000000e+06 4.563210000000000000e+06 -8.364373829478648759e+02 7050.261957
-1.528545000000000000e+06 4.565670000000000000e+06 -5.273982079013724160e+02 7040.522666
-1.528545000000000000e+06 4.570590000000000000e+06 -4.180485835383400968e+02 7038.901538
-1.528545000000000000e+06 4.575510000000000000e+06 -3.586994657281020977e+02 7037.979135
-1.528545000000000000e+06 4.577970000000000000e+06 -3.422124091406882371e+02 7038.423175
-1.528545000000000000e+06 4.580430000000000000e+06 -3.040515203987919222e+02 7036.686622
-1.528545000000000000e+06 4.590270000000000000e+06 -2.328693909094355945e+02 7031.532814
-1.528545000000000000e+06 4.592730000000000000e+06 -1.939846683108323759e+02 7027.213104
-1.528545000000000000e+06 4.595190000000000000e+06 -1.941940058030057514e+02 7024.443619
-1.528545000000000000e+06 4.597650000000000000e+06 -2.280508560617333842e+02 7024.438145
-1.528545000000000000e+06 4.602570000000000000e+06 -2.162270564732494336e+02 7017.417727
-1.528545000000000000e+06 4.609950000000000000e+06 -1.162379452263483870e+02 6998.679736
-1.528545000000000000e+06 4.612410000000000000e+06 -1.308436626996581253e+02 6994.829980
-1.528545000000000000e+06 4.614870000000000000e+06 -1.676175365656010854e+02 6992.172611
-1.528545000000000000e+06 4.617330000000000000e+06 -1.895514651634130416e+02 6987.554968
-1.528545000000000000e+06 4.622250000000000000e+06 -1.365029752986588107e+02 6969.708549
-1.528545000000000000e+06 4.629630000000000000e+06 -1.339097081452260625e+02 6945.212595
-1.526135000000000000e+06 4.533690000000000000e+06 -8.335058121301060510e+02 6984.582336
-1.526135000000000000e+06 4.548450000000000000e+06 -1.096632967004281909e+03 7040.581188
-1.526135000000000000e+06 4.555830000000000000e+06 -1.455280355527532265e+03 7071.813712
-1.526135000000000000e+06 4.568130000000000000e+06 -5.839349887013838725e+02 7040.363480
-1.526135000000000000e+06 4.575510000000000000e+06 -4.083153253549938881e+02 7033.979662
-1.526135000000000000e+06 4.582890000000000000e+06 -3.793231136992302481e+02 7035.237589
-1.526135000000000000e+06 4.587810000000000000e+06 -2.752687050393725485e+02 7028.099206
-1.526135000000000000e+06 4.590270000000000000e+06 -2.325377507869894202e+02 7024.539706
-1.526135000000000000e+06 4.592730000000000000e+06 -2.041611757531341595e+02 7021.608966
-1.526135000000000000e+06 4.597650000000000000e+06 -2.444989699274959207e+02 7018.864658
-1.526135000000000000e+06 4.600110000000000000e+06 -2.558973356704043169e+02 7016.731305
-1.526135000000000000e+06 4.602570000000000000e+06 -1.867779216995972149e+02 7009.063024
-1.526135000000000000e+06 4.605030000000000000e+06 -1.597194668347623860e+02 7004.073526
-1.526135000000000000e+06 4.607490000000000000e+06 -1.339349905616184628e+02 6998.117819
-1.526135000000000000e+06 4.609950000000000000e+06 -1.241680685624501166e+02 6992.248772
-1.526135000000000000e+06 4.612410000000000000e+06 -1.420563189179978849e+02 6989.225073
-1.526135000000000000e+06 4.614870000000000000e+06 -1.950520572159463200e+02 6987.394297
-1.526135000000000000e+06 4.617330000000000000e+06 -1.992851809481260261e+02 6982.146704
-1.526135000000000000e+06 4.622250000000000000e+06 -1.339732576523191199e+02 6963.765706
-1.526135000000000000e+06 4.627170000000000000e+06 -1.531628870492105250e+02 6949.080652
-1.526135000000000000e+06 4.629630000000000000e+06 -1.619835518507055951e+02 6940.828431
