593
-1.588795000000000000e+06 4.545990000000000000e+06 -2.643882093461422755e+02 -1.722260080741028077e+01
-1.588795000000000000e+06 4.548450000000000000e+06 -3.572014360221124889e+02 -6.571516892263755238e+00
-1.588795000000000000e+06 4.553370000000000000e+06 -5.684182161303380099e+02 9.650514533481301171e+00
-1.588795000000000000e+06 4.555830000000000000e+06 -5.684182161303380099e+02 3.180302516631907217e+00
-1.588795000000000000e+06 4.563210000000000000e+06 -2.462494889060095602e+02 -1.844346003343429352e+00
-1.588795000000000000e+06 4.565670000000000000e+06 -1.683459435657818517e+02 -2.918741838173934067e+00
-1.588795000000000000e+06 4.568130000000000000e+06 -1.331458127283656836e+02 -1.534457738976045427e+00
-1.588795000000000000e+06 4.573050000000000000e+06 -1.188137489990192392e+02 2.289742603459115511e+00
-1.588795000000000000e+06 4.575510000000000000e+06 -8.487437076923760060e+01 2.163048858114469564e+00
-1.588795000000000000e+06 4.577970000000000000e+06 -7.133604636934350651e+01 9.396908749455783472e-01
-1.588795000000000000e+06 4.585350000000000000e+06 -9.619069517571840322e+01 -1.098501954755616339e+01
-1.588795000000000000e+06 4.587810000000000000e+06 -6.967033572316258017e+01 -1.265945921492893156e+01
-1.588795000000000000e+06 4.592730000000000000e+06 -1.928417352194710332e+01 -1.751701882107970931e+01
-1.588795000000000000e+06 4.595190000000000000e+06 -3.128918413569182633e+01 -1.781233675752897128e+01
-1.588795000000000000e+06 4.597650000000000000e+06 -4.345029648311356851e+01 -1.699759817112547822e+01
-1.588795000000000000e+06 4.600110000000000000e+06 -4.084368021705185470e+01 -1.608293670623756810e+01
-1.588795000000000000e+06 4.602570000000000000e+06 -4.126850363092155760e+01 -1.484880069018197801e+01
-1.588795000000000000e+06 4.605030000000000000e+06 -5.370126034035161666e+01 -1.205474113914588763e+01
-1.588795000000000000e+06 4.607490000000000000e+06 -4.807626318350893513e+01 -1.297938083836304202e+01
-1.588795000000000000e+06 4.617330000000000000e+06 -5.314723919985107869e+01 -8.815456901909207943e+00
-1.588795000000000000e+06 4.619790000000000000e+06 -6.041050859439459231e+01 -8.581159940434853084e+00
-1.588795000000000000e+06 4.622250000000000000e+06 -6.282801723966790064e+01 -8.151437230556009439e+00
-1.586385000000000000e+06 4.531230000000000000e+06 -6.183394813763018192e+02 -5.335215791008037911e+01
-1.586385000000000000e+06 4.545990000000000000e+06 -2.829269468041515552e+02 -1.595605791969160769e+01
-1.586385000000000000e+06 4.558290000000000000e+06 -4.364501978783342793e+02 3.385250190179010854e+00
-1.586385000000000000e+06 4.563210000000000000e+06 -2.894165268545884260e+02 -1.335418968465226452e+00
-1.586385000000000000e+06 4.565670000000000000e+06 -2.352786293855919553e+02 -1.775897702100621478e+00
-1.586385000000000000e+06 4.568130000000000000e+06 -2.813373147813274500e+02 2.341562801051408904e+00
-1.586385000000000000e+06 4.570590000000000000e+06 -2.471602701751657207e+02 9.757457689955147950e-01
-1.586385000000000000e+06 4.573050000000000000e+06 -1.448340160583040586e+02 1.309271088247814019e+00
-1.586385000000000000e+06 4.577970000000000000e+06 -6.902697056389706631e+01 2.455960153689275671e+00
-1.586385000000000000e+06 4.580430000000000000e+06 -9.912424713035962043e+01 2.935098956403558113e+00
-1.586385000000000000e+06 4.587810000000000000e+06 -5.302503458988604734e+01 -8.482870899982504653e+00
-1.586385000000000000e+06 4.600110000000000000e+06 -4.326391437320717159e+01 -1.571917565019080598e+01
-1.586385000000000000e+06 4.602570000000000000e+06 -4.836060810347952099e+01 -1.685060584395730032e+01
-1.586385000000000000e+06 4.605030000000000000e+06 -5.322803387853859647e+01 -1.444737573520751539e+01
-1.586385000000000000e+06 4.614870000000000000e+06 -2.920870964335090036e+01 -1.036846320330632842e+01
-1.586385000000000000e+06 4.622250000000000000e+06 -5.914988616795405107e+01 -9.539805337837767851e+00
-1.583975000000000000e+06 4.536150000000000000e+06 -7.830895815868018417e+02 -3.572312457423502252e+01
-1.583975000000000000e+06 4.541070000000000000e+06 -6.058429875566861256e+02 -2.534036627510567996e+01
-1.583975000000000000e+06 4.548450000000000000e+06 -2.518968460462539269e+02 -7.271536292369454202e+00
-1.583975000000000000e+06 4.555830000000000000e+06 -3.849213431421974292e+02 -1.087840455588251043e+00
-1.583975000000000000e+06 4.560750000000000000e+06 -4.886677888670670882e+02 9.813827122890425025e-01
-1.583975000000000000e+06 4.573050000000000000e+06 -2.076958098187673158e+02 1.031035815141420731e+00
-1.583975000000000000e+06 4.575510000000000000e+06 -1.160477795561605063e+02 2.282504821336419631e+00
-1.583975000000000000e+06 4.577970000000000000e+06 -9.590661672404785065e+01 5.584887051931801238e+00
-1.583975000000000000e+06 4.590270000000000000e+06 -5.157558141806497076e+01 -8.271323960916690865e+00
-1.583975000000000000e+06 4.592730000000000000e+06 -4.169224555965125489e+01 -1.054001193699894401e+01
-1.583975000000000000e+06 4.600110000000000000e+06 -4.930151503645413413e+01 -1.440955113635356710e+01
-1.583975000000000000e+06 4.602570000000000000e+06 -5.045148979223684904e+01 -1.454328438865534778e+01
-1.583975000000000000e+06 4.605030000000000000e+06 -4.226469153656746158e+01 -1.525547649901181835e+01
-1.583975000000000000e+06 4.607490000000000000e+06 -2.200089422197457267e+01 -1.158392681851103134e+01
-1.583975000000000000e+06 4.609950000000000000e+06 -4.565796504006654288e+01 -1.335965693151520206e+01
-1.583975000000000000e+06 4.612410000000000000e+06 -3.153010617914735292e+01 -1.311176791900177463e+01
-1.583975000000000000e+06 4.617330000000000000e+06 -2.987911690690660649e+01 -4.498645517792277282e+00
-1.583975000000000000e+06 4.627170000000000000e+06 -5.353694561872354285e+01 -9.939897274843417563e+00
-1.583975000000000000e+06 4.629630000000000000e+06 -6.644510233163200041e+01 -1.004192132635319368e+01
-1.581565000000000000e+06 4.533690000000000000e+06 -7.361605439179843415e+02 -4.999089055600583009e+01
-1.581565000000000000e+06 4.550910000000000000e+06 -3.134373738830508955e+02 -1.326757946744896088e+01
-1.581565000000000000e+06 4.558290000000000000e+06 -3.723623806760403454e+02 -3.621421377368503780e+00
-1.581565000000000000e+06 4.560750000000000000e+06 -4.927799602562947712e+02 -2.683944199686341125e-01
-1.581565000000000000e+06 4.565670000000000000e+06 -5.993565474997886895e+02 2.559948779635188743e+00
-1.581565000000000000e+06 4.568130000000000000e+06 -6.295425889878061980e+02 9.329971607086770646e+00
-1.581565000000000000e+06 4.570590000000000000e+06 -4.661766531628038592e+02 5.601888081288479704e+00
-1.581565000000000000e+06 4.577970000000000000e+06 -1.415943481078369359e+02 9.471422189492605170e+00
-1.581565000000000000e+06 4.580430000000000000e+06 -1.360364053470848376e+02 7.004449005917580351e+00
-1.581565000000000000e+06 4.582890000000000000e+06 -1.086802148043980338e+02 5.597547820749277037e+00
-1.581565000000000000e+06 4.585350000000000000e+06 -8.772399869895147617e+01 2.867228766359334990e+00
-1.581565000000000000e+06 4.595190000000000000e+06 -3.681963484590432500e+01 -9.398073964156390403e+00
-1.581565000000000000e+06 4.597650000000000000e+06 -1.458877920961984742e+01 -1.042805368299807789e+01
-1.581565000000000000e+06 4.600110000000000000e+06 -2.724662806757676137e+01 -1.224566649531070084e+01
-1.581565000000000000e+06 4.602570000000000000e+06 -3.748357815416462557e+01 -1.350086242422466398e+01
-1.581565000000000000e+06 4.605030000000000000e+06 -2.730467137912215136e+01 -1.422348568735216112e+01
-1.581565000000000000e+06 4.607490000000000000e+06 -3.179802482808464248e+01 -1.338923589732193520e+01
-1.581565000000000000e+06 4.609950000000000000e+06 -5.744376353892199916e+01 -1.517507130602349363e+01
-1.581565000000000000e+06 4.612410000000000000e+06 -6.233114391629986528e+01 -1.572734819008883633e+01
-1.581565000000000000e+06 4.614870000000000000e+06 -4.261811478629988414e+01 -1.229364118041563358e+01
-1.581565000000000000e+06 4.617330000000000000e+06 -2.344886086115918289e+01 -4.765682652923961093e+00
-1.581565000000000000e+06 4.619790000000000000e+06 -2.542137928478242870e+01 -9.757790449177470293e+00
-1.581565000000000000e+06 4.622250000000000000e+06 -2.322888016443296877e+01 -1.131200509114025543e+01
-1.581565000000000000e+06 4.624710000000000000e+06 -4.383788924625527983e+01 -1.029971304737919446e+01
-1.581565000000000000e+06 4.627170000000000000e+06 -4.070392366454003508e+01 -1.152514786977658190e+01
-1.579155000000000000e+06 4.545990000000000000e+06 -5.148728412048124028e+02 -2.748376689334498124e+01
-1.579155000000000000e+06 4.550910000000000000e+06 -4.227601951098774862e+02 -1.678043952481792189e+01
-1.579155000000000000e+06 4.558290000000000000e+06 -4.301592195226190825e+02 -5.999010457622017789e+00
-1.579155000000000000e+06 4.573050000000000000e+06 -1.974781572368577827e+02 6.110233794392945228e+00
-1.579155000000000000e+06 4.575510000000000000e+06 -1.593046893047404637e+02 1.027285877393068958e+01
-1.579155000000000000e+06 4.585350000000000000e+06 -8.439771724776488782e+01 6.587039980235807057e+00
-1.579155000000000000e+06 4.590270000000000000e+06 -5.701928375343569400e+01 8.399796475605818546e-01
-1.579155000000000000e+06 4.592730000000000000e+06 -6.419390345389783192e+01 -1.497301062520593806e+00
-1.579155000000000000e+06 4.595190000000000000e+06 -7.585399467797813600e+01 -8.592730945293780564e+00
-1.579155000000000000e+06 4.600110000000000000e+06 -3.201333183358921985e+01 -1.284570139380816300e+01
-1.579155000000000000e+06 4.602570000000000000e+06 -1.348141533238073642e+01 -1.403370287806070138e+01
-1.579155000000000000e+06 4.605030000000000000e+06 -2.835082122352185507e+01 -1.589574068413826424e+01
-1.579155000000000000e+06 4.609950000000000000e+06 -6.805891005320917486e+01 -1.585566915052625880e+01
-1.579155000000000000e+06 4.614870000000000000e+06 -5.575265185884509123e+01 -1.462867420529845219e+01
-1.579155000000000000e+06 4.617330000000000000e+06 -2.271358066156103916e+01 -7.281913752530899231e+00
-1.579155000000000000e+06 4.622250000000000000e+06 -2.613357573919604349e+01 -1.473348769302458372e+01
-1.579155000000000000e+06 4.624710000000000000e+06 -2.615467653906976153e+01 -1.307934292062071790e+01
-1.576745000000000000e+06 4.531230000000000000e+06 -7.569773545659168121e+02 -5.685046676308136426e+01
-1.576745000000000000e+06 4.541070000000000000e+06 -8.162372506273791259e+02 -4.080221639315675475e+01
-1.576745000000000000e+06 4.558290000000000000e+06 -5.563390090730749762e+02 -1.163492943204911967e+01
-1.576745000000000000e+06 4.570590000000000000e+06 -2.022239405967214054e+02 1.126264607289594188e+01
-1.576745000000000000e+06 4.575510000000000000e+06 -2.131862724955615533e+02 1.241440368248111525e+01
-1.576745000000000000e+06 4.577970000000000000e+06 -2.072335669580195940e+02 1.472392854998408396e+01
-1.576745000000000000e+06 4.582890000000000000e+06 -1.338141319055464749e+02 1.390828709268589769e+01
-1.576745000000000000e+06 4.585350000000000000e+06 -9.423007853675076717e+01 9.040267636897786119e+00
-1.576745000000000000e+06 4.587810000000000000e+06 -9.302750028073660360e+01 7.534268409678819722e+00
-1.576745000000000000e+06 4.590270000000000000e+06 -9.313290781294894316e+01 5.028260717559407844e+00
-1.576745000000000000e+06 4.595190000000000000e+06 -1.031153241615184584e+02 -6.462889243332534228e+00
-1.576745000000000000e+06 4.597650000000000000e+06 -1.005905259052945553e+02 -9.733779977823584062e+00
-1.576745000000000000e+06 4.600110000000000000e+06 -5.074786696269649866e+01 -1.272918102215845693e+01
-1.576745000000000000e+06 4.607490000000000000e+06 -5.445360844029012526e+01 -2.005049505896385043e+01
-1.576745000000000000e+06 4.609950000000000000e+06 -9.500624584926326577e+01 -1.972028291102412823e+01
-1.576745000000000000e+06 4.617330000000000000e+06 -4.582740823793685081e+01 -1.538210383238903667e+01
-1.576745000000000000e+06 4.624710000000000000e+06 -2.447538286612334346e+01 -1.857257548866527230e+01
-1.576745000000000000e+06 4.627170000000000000e+06 -2.157619049206006778e+01 -1.539352745115119347e+01
-1.574335000000000000e+06 4.538610000000000000e+06 -8.596206087544622960e+02 -4.846011650395165304e+01
-1.574335000000000000e+06 4.543530000000000000e+06 -7.781527224809049130e+02 -3.814969243513103692e+01
-1.574335000000000000e+06 4.548450000000000000e+06 -4.886784453449469083e+02 -3.115277342126828231e+01
-1.574335000000000000e+06 4.555830000000000000e+06 -7.623251964937439880e+02 -1.708830999075021140e+01
-1.574335000000000000e+06 4.558290000000000000e+06 -6.743760807278551965e+02 -9.220230763251860751e+00
-1.574335000000000000e+06 4.560750000000000000e+06 -5.386694812709289408e+02 -5.946541384852296552e+00
-1.574335000000000000e+06 4.565670000000000000e+06 -3.725006997650145877e+02 3.631813601094690647e+00
-1.574335000000000000e+06 4.568130000000000000e+06 -3.286863699234592104e+02 6.562047422509616368e+00
-1.574335000000000000e+06 4.573050000000000000e+06 -3.011757008466773868e+02 1.844553938771526802e+01
-1.574335000000000000e+06 4.575510000000000000e+06 -3.249641857972086996e+02 1.468844453849241738e+01
-1.574335000000000000e+06 4.577970000000000000e+06 -2.679705771691877203e+02 1.768983528488122658e+01
-1.574335000000000000e+06 4.580430000000000000e+06 -1.915645465392557298e+02 1.853562802447490299e+01
-1.574335000000000000e+06 4.582890000000000000e+06 -1.335993139510098899e+02 1.654354532739696637e+01
-1.574335000000000000e+06 4.585350000000000000e+06 -1.107001523441541053e+02 1.144549810398393319e+01
-1.574335000000000000e+06 4.587810000000000000e+06 -1.213981935227830604e+02 1.059750395475117557e+01
-1.574335000000000000e+06 4.590270000000000000e+06 -8.242397596736871890e+01 7.015617258485567831e+00
-1.574335000000000000e+06 4.592730000000000000e+06 -7.074699393959829763e+01 4.996929312774486931e+00
-1.574335000000000000e+06 4.595190000000000000e+06 -7.000132376185733563e+01 -5.872682860341899014e-01
-1.574335000000000000e+06 4.602570000000000000e+06 -3.265163395198679552e+01 -1.346891694546373586e+01
-1.574335000000000000e+06 4.605030000000000000e+06 -2.482846716316078073e+01 -1.799820833406552012e+01
-1.574335000000000000e+06 4.612410000000000000e+06 -7.304415813734068763e+01 -1.791984362062457592e+01
-1.571925000000000000e+06 4.536150000000000000e+06 -8.176420107562285011e+02 -5.472213620605266726e+01
-1.571925000000000000e+06 4.541070000000000000e+06 -8.321576742965721678e+02 -4.531926986785039446e+01
-1.571925000000000000e+06 4.545990000000000000e+06 -5.520283527924732425e+02 -3.916175232825047914e+01
-1.571925000000000000e+06 4.548450000000000000e+06 -5.566209617741463944e+02 -3.788796227694981411e+01
-1.571925000000000000e+06 4.550910000000000000e+06 -4.722906700752390066e+02 -3.359293264117604139e+01
-1.571925000000000000e+06 4.553370000000000000e+06 -4.375598964996021891e+02 -3.158660320511826569e+01
-1.571925000000000000e+06 4.558290000000000000e+06 -4.182402092124672208e+02 -1.800172701139743836e+01
-1.571925000000000000e+06 4.568130000000000000e+06 -2.151270687014318241e+02 6.835207228657981915e+00
-1.571925000000000000e+06 4.575510000000000000e+06 -3.039679366536686302e+02 1.617384117569415736e+01
-1.571925000000000000e+06 4.577970000000000000e+06 -2.673340505644844711e+02 1.930428078628179733e+01
-1.571925000000000000e+06 4.580430000000000000e+06 -2.151147288461235121e+02 1.957128404894780260e+01
-1.571925000000000000e+06 4.585350000000000000e+06 -1.375985072970187275e+02 1.510335580197890692e+01
-1.571925000000000000e+06 4.587810000000000000e+06 -1.534115346016027672e+02 1.331590729776482540e+01
-1.571925000000000000e+06 4.590270000000000000e+06 -1.134287206305072573e+02 8.902898976732384284e+00
-1.571925000000000000e+06 4.592730000000000000e+06 -8.944674264462182123e+01 5.678497162147790434e+00
-1.571925000000000000e+06 4.595190000000000000e+06 -6.767028614599769298e+01 1.668206297077964528e+00
-1.571925000000000000e+06 4.597650000000000000e+06 -4.589789819701999107e+01 -3.765462020019135991e+00
-1.571925000000000000e+06 4.602570000000000000e+06 -6.614647355173219978e+01 -1.343459589710128022e+01
-1.571925000000000000e+06 4.605030000000000000e+06 -4.530618317275762763e+01 -1.818055476511743507e+01
-1.571925000000000000e+06 4.607490000000000000e+06 -4.891806551959878391e+01 -2.124462762808474992e+01
-1.571925000000000000e+06 4.609950000000000000e+06 -8.067249627612534368e+01 -2.316637572611477935e+01
-1.571925000000000000e+06 4.614870000000000000e+06 -7.009962349655940272e+01 -2.389628295207929298e+01
-1.571925000000000000e+06 4.617330000000000000e+06 -6.928730249038908084e+01 -2.049335166624995708e+01
-1.571925000000000000e+06 4.619790000000000000e+06 -6.659275739190709942e+01 -2.161062977219871328e+01
-1.571925000000000000e+06 4.624710000000000000e+06 -3.813287541405781411e+01 -2.183012989516294056e+01
-1.571925000000000000e+06 4.627170000000000000e+06 -4.428173503675239431e+01 -2.059814581329850114e+01
-1.569515000000000000e+06 4.536150000000000000e+06 -8.195618777586169017e+02 -4.927644913828359563e+01
-1.569515000000000000e+06 4.545990000000000000e+06 -6.837425916302725000e+02 -4.881915983148617499e+01
-1.569515000000000000e+06 4.548450000000000000e+06 -7.068299222176933654e+02 -4.106847246590670863e+01
-1.569515000000000000e+06 4.558290000000000000e+06 -6.705823153088418849e+02 -1.786287256395705825e+01
-1.569515000000000000e+06 4.560750000000000000e+06 -4.748426845290156280e+02 -1.219083692081818882e+01
-1.569515000000000000e+06 4.563210000000000000e+06 -2.833349925163256557e+02 -3.635678773240784700e+00
-1.569515000000000000e+06 4.568130000000000000e+06 -2.501111645145833222e+02 5.358828791850432260e+00
-1.569515000000000000e+06 4.570590000000000000e+06 -2.104413797925280676e+02 1.069159719034880496e+01
-1.569515000000000000e+06 4.573050000000000000e+06 -1.958119008948776241e+02 1.569724650786731779e+01
-1.569515000000000000e+06 4.575510000000000000e+06 -2.207746633815170867e+02 1.724713928735113200e+01
-1.569515000000000000e+06 4.577970000000000000e+06 -2.350289520842584068e+02 1.987844664912744364e+01
-1.569515000000000000e+06 4.580430000000000000e+06 -2.061048811623178381e+02 1.937614838039087317e+01
-1.569515000000000000e+06 4.582890000000000000e+06 -1.942503161239527003e+02 1.654587366630011758e+01
-1.569515000000000000e+06 4.585350000000000000e+06 -2.168138402049300169e+02 1.615296239008130996e+01
-1.569515000000000000e+06 4.587810000000000000e+06 -1.577963889976058169e+02 1.309262732680069519e+01
-1.569515000000000000e+06 4.592730000000000000e+06 -1.136821558882104881e+02 6.256460584775909162e+00
-1.569515000000000000e+06 4.595190000000000000e+06 -1.040214277787105601e+02 2.224570507333808234e+00
-1.569515000000000000e+06 4.597650000000000000e+06 -6.602455482714546520e+01 -2.678568321304785727e+00
-1.569515000000000000e+06 4.602570000000000000e+06 -7.099923602010223078e+01 -1.560658917361230991e+01
-1.569515000000000000e+06 4.607490000000000000e+06 -3.731743307869571424e+01 -2.088149167117395777e+01
-1.569515000000000000e+06 4.612410000000000000e+06 -7.821891247216140641e+01 -2.361172850481965924e+01
-1.569515000000000000e+06 4.614870000000000000e+06 -7.881049367549289286e+01 -2.475514664086326988e+01
-1.569515000000000000e+06 4.619790000000000000e+06 -4.884734122991974203e+01 -2.216410559700626237e+01
-1.569515000000000000e+06 4.624710000000000000e+06 -3.981515673805470357e+01 -2.009376674676043706e+01
-1.569515000000000000e+06 4.627170000000000000e+06 -5.277885413643101487e+01 -2.067829807704005418e+01
-1.567105000000000000e+06 4.533690000000000000e+06 -7.387289555403873464e+02 -5.427194645441019816e+01
-1.567105000000000000e+06 4.541070000000000000e+06 -9.033109246783523076e+02 -5.099307714016916293e+01
-1.567105000000000000e+06 4.548450000000000000e+06 -6.786127262403484792e+02 -3.777576161991480319e+01
-1.567105000000000000e+06 4.550910000000000000e+06 -5.503441057983243354e+02 -4.136968283661256152e+01
-1.567105000000000000e+06 4.560750000000000000e+06 -4.478535035630511629e+02 -1.392380698841687092e+01
-1.567105000000000000e+06 4.563210000000000000e+06 -2.880754341878722471e+02 -4.065839937462000009e+00
-1.567105000000000000e+06 4.568130000000000000e+06 -2.855805946863947042e+02 4.331141643955902509e+00
-1.567105000000000000e+06 4.570590000000000000e+06 -3.082860062588068217e+02 1.002954799992184221e+01
-1.567105000000000000e+06 4.573050000000000000e+06 -2.296598778757719970e+02 1.528127818359885204e+01
-1.567105000000000000e+06 4.575510000000000000e+06 -2.186392743241610788e+02 1.663517081026033040e+01
-1.567105000000000000e+06 4.577970000000000000e+06 -2.151242000305342117e+02 1.765742465996690669e+01
-1.567105000000000000e+06 4.580430000000000000e+06 -2.061103071301507725e+02 1.639844240272810083e+01
-1.567105000000000000e+06 4.585350000000000000e+06 -1.467101864891463094e+02 1.728597034322624637e+01
-1.567105000000000000e+06 4.587810000000000000e+06 -1.493441225545283544e+02 1.126023140064867434e+01
-1.567105000000000000e+06 4.592730000000000000e+06 -1.148100864973622919e+02 8.281736974426323172e+00
-1.567105000000000000e+06 4.595190000000000000e+06 -1.183580553256641821e+02 3.528842347260372048e+00
-1.567105000000000000e+06 4.597650000000000000e+06 -8.136976612661894137e+01 -4.221069166332153677e-01
-1.567105000000000000e+06 4.605030000000000000e+06 -4.163293364793005225e+01 -2.070408641136730665e+01
-1.567105000000000000e+06 4.607490000000000000e+06 -3.462668588602453212e+01 -2.049921596556674430e+01
-1.567105000000000000e+06 4.609950000000000000e+06 -4.671981294855388711e+01 -1.906751799459286900e+01
-1.567105000000000000e+06 4.612410000000000000e+06 -8.317245392300903006e+01 -2.360674306180297322e+01
-1.567105000000000000e+06 4.614870000000000000e+06 -9.419968687416738362e+01 -2.435095182817411086e+01
-1.567105000000000000e+06 4.619790000000000000e+06 -5.155999506776628039e+01 -2.058994286502572635e+01
-1.567105000000000000e+06 4.622250000000000000e+06 -5.271734367766137552e+01 -2.107552888071973740e+01
-1.567105000000000000e+06 4.624710000000000000e+06 -4.269329195971722157e+01 -2.033434133416812273e+01
-1.567105000000000000e+06 4.627170000000000000e+06 -5.245610221271160611e+01 -2.056518007828078254e+01
-1.567105000000000000e+06 4.629630000000000000e+06 -6.051251908133117752e+01 -1.980831451932560228e+01
-1.564695000000000000e+06 4.533690000000000000e+06 -8.609965570161232336e+02 -5.726688183137036958e+01
-1.564695000000000000e+06 4.538610000000000000e+06 -8.922450268903814958e+02 -5.448417183953907283e+01
-1.564695000000000000e+06 4.553370000000000000e+06 -4.312169506717996228e+02 -3.764306492884580280e+01
-1.564695000000000000e+06 4.560750000000000000e+06 -3.418814660885522017e+02 -1.537938298024448613e+01
-1.564695000000000000e+06 4.563210000000000000e+06 -2.258661129193396562e+02 -1.124828505461780814e+01
-1.564695000000000000e+06 4.565670000000000000e+06 -2.076499905319631978e+02 5.649071982098325950e-01
-1.564695000000000000e+06 4.570590000000000000e+06 -2.967060596127596455e+02 8.276078651682224674e+00
-1.564695000000000000e+06 4.573050000000000000e+06 -2.760751518426908433e+02 1.218619371235669391e+01
-1.564695000000000000e+06 4.575510000000000000e+06 -3.105361451937573634e+02 1.541041352228928574e+01
-1.564695000000000000e+06 4.577970000000000000e+06 -1.754572911958128429e+02 1.650783848940303145e+01
-1.564695000000000000e+06 4.580430000000000000e+06 -2.006960045193837914e+02 1.690040261510882047e+01
-1.564695000000000000e+06 4.582890000000000000e+06 -1.793539169513699676e+02 1.680626005495422248e+01
-1.564695000000000000e+06 4.585350000000000000e+06 -1.800856974243562547e+02 1.747963094128790829e+01
-1.564695000000000000e+06 4.587810000000000000e+06 -1.635754502915798128e+02 1.196524496845003682e+01
-1.564695000000000000e+06 4.590270000000000000e+06 -1.131443684515484449e+02 1.099372032001695842e+01
-1.564695000000000000e+06 4.592730000000000000e+06 -8.007998800019512942e+01 9.951133178203352969e+00
-1.564695000000000000e+06 4.597650000000000000e+06 -8.250175677642640437e+01 1.737732071481905838e-01
-1.564695000000000000e+06 4.602570000000000000e+06 -5.105231308777860022e+01 -1.635618091568007770e+01
-1.564695000000000000e+06 4.607490000000000000e+06 -6.157142332989219824e+01 -2.045105344585834217e+01
-1.564695000000000000e+06 4.612410000000000000e+06 -7.888134622849418065e+01 -2.314842619051178119e+01
-1.564695000000000000e+06 4.619790000000000000e+06 -6.329300484064951604e+01 -2.108559354562940058e+01
-1.564695000000000000e+06 4.622250000000000000e+06 -5.747555463303048384e+01 -2.130651626831670598e+01
-1.564695000000000000e+06 4.624710000000000000e+06 -4.514912433760680699e+01 -2.040830401560295826e+01
-1.564695000000000000e+06 4.627170000000000000e+06 -4.040876934103513918e+01 -1.982866305597162082e+01
-1.564695000000000000e+06 4.629630000000000000e+06 -6.205008931373514258e+01 -1.995085597332040095e+01
-1.562285000000000000e+06 4.536150000000000000e+06 -9.118294741565198365e+02 -5.931242565588757998e+01
-1.562285000000000000e+06 4.541070000000000000e+06 -9.240393443296862870e+02 -5.530914676959383769e+01
-1.562285000000000000e+06 4.548450000000000000e+06 -8.578686300754053491e+02 -4.584534901830021880e+01
-1.562285000000000000e+06 4.550910000000000000e+06 -8.206949732614922368e+02 -3.603299940400867030e+01
-1.562285000000000000e+06 4.555830000000000000e+06 -7.333432396543619234e+02 -3.635490094657721016e+01
-1.562285000000000000e+06 4.558290000000000000e+06 -5.874499324661508126e+02 -3.028539811547712546e+01
-1.562285000000000000e+06 4.560750000000000000e+06 -4.033677650715543450e+02 -2.024534790599099665e+01
-1.562285000000000000e+06 4.563210000000000000e+06 -2.516560194632500611e+02 -1.125223480753317062e+01
-1.562285000000000000e+06 4.565670000000000000e+06 -2.035562142709523812e+02 -6.312694802845085107e+00
-1.562285000000000000e+06 4.570590000000000000e+06 -2.758974518700395606e+02 9.530291708725533439e+00
-1.562285000000000000e+06 4.573050000000000000e+06 -3.281554524401769868e+02 1.286616032198778825e+01
-1.562285000000000000e+06 4.577970000000000000e+06 -2.357409360720739642e+02 1.656172314676102530e+01
-1.562285000000000000e+06 4.580430000000000000e+06 -1.829401158623021502e+02 2.241007179291679208e+01
-1.562285000000000000e+06 4.582890000000000000e+06 -1.844145071625579817e+02 1.732275131789263867e+01
-1.562285000000000000e+06 4.585350000000000000e+06 -1.858830963904814837e+02 1.682829604127165624e+01
-1.562285000000000000e+06 4.587810000000000000e+06 -1.410595741687567113e+02 1.375991503516696390e+01
-1.562285000000000000e+06 4.590270000000000000e+06 -8.978464167154936604e+01 1.071880094384030890e+01
-1.562285000000000000e+06 4.592730000000000000e+06 -6.091916528559780630e+01 1.027447078626257593e+01
-1.562285000000000000e+06 4.595190000000000000e+06 -7.503716471147345146e+01 5.785109289467378346e+00
-1.562285000000000000e+06 4.600110000000000000e+06 -5.834563467798383840e+01 -9.244162639731277054e+00
-1.562285000000000000e+06 4.602570000000000000e+06 -4.248551912798330932e+01 -1.519166982699803370e+01
-1.562285000000000000e+06 4.607490000000000000e+06 -1.048282950749132567e+02 -1.902899587602096432e+01
-1.562285000000000000e+06 4.612410000000000000e+06 -5.818121833529835385e+01 -2.204714965635798762e+01
-1.562285000000000000e+06 4.617330000000000000e+06 -8.981635928929904367e+01 -2.317966747948024064e+01
-1.562285000000000000e+06 4.624710000000000000e+06 -5.308985761434062312e+01 -2.020896281856454380e+01
-1.562285000000000000e+06 4.629630000000000000e+06 -6.052237525368222038e+01 -1.740916394748490248e+01
-1.559875000000000000e+06 4.533690000000000000e+06 -8.118333374237092812e+02 -6.204763136213596653e+01
-1.559875000000000000e+06 4.543530000000000000e+06 -1.108458340553300786e+03 -5.433613913128696993e+01
-1.559875000000000000e+06 4.545990000000000000e+06 -1.240427445143185423e+03 -5.005667514325583056e+01
-1.559875000000000000e+06 4.553370000000000000e+06 -9.624782662927341335e+02 -3.395180674751750161e+01
-1.559875000000000000e+06 4.555830000000000000e+06 -9.624782662927341335e+02 -3.258857662529688781e+01
-1.559875000000000000e+06 4.558290000000000000e+06 -7.817573284376730953e+02 -2.770714787975553151e+01
-1.559875000000000000e+06 4.560750000000000000e+06 -3.972354125791789556e+02 -2.574533398692142327e+01
-1.559875000000000000e+06 4.568130000000000000e+06 -2.440192722885081480e+02 4.122263948520176191e-01
-1.559875000000000000e+06 4.570590000000000000e+06 -2.512578839054046398e+02 4.783351000243618145e+00
-1.559875000000000000e+06 4.577970000000000000e+06 -2.263059449156499738e+02 2.309451190411084553e+01
-1.559875000000000000e+06 4.580430000000000000e+06 -1.475661249892784213e+02 2.233885004969800647e+01
-1.559875000000000000e+06 4.582890000000000000e+06 -1.237315790374836126e+02 2.089775344027844994e+01
-1.559875000000000000e+06 4.585350000000000000e+06 -1.331148598639786940e+02 1.827957815335224723e+01
-1.559875000000000000e+06 4.587810000000000000e+06 -1.293848321617980162e+02 1.536248222423061804e+01
-1.559875000000000000e+06 4.590270000000000000e+06 -9.155674475164579462e+01 1.180054767537126637e+01
-1.559875000000000000e+06 4.592730000000000000e+06 -8.332176086649367619e+01 7.666828393196088776e+00
-1.559875000000000000e+06 4.600110000000000000e+06 -6.217469292230495626e+01 -1.452400292141253502e+01
-1.559875000000000000e+06 4.602570000000000000e+06 -7.893876042788095049e+01 -1.565395183912154131e+01
-1.559875000000000000e+06 4.605030000000000000e+06 -7.739956096297891008e+01 -1.282194801263851502e+01
-1.559875000000000000e+06 4.612410000000000000e+06 -6.762858194106178189e+01 -2.102027658031889601e+01
-1.559875000000000000e+06 4.614870000000000000e+06 -9.041325829771945166e+01 -2.182304322097662208e+01
-1.559875000000000000e+06 4.617330000000000000e+06 -9.839291923062788214e+01 -2.337258481155883771e+01
-1.559875000000000000e+06 4.619790000000000000e+06 -9.450008250518416730e+01 -2.218819993610335928e+01
-1.559875000000000000e+06 4.624710000000000000e+06 -5.212959947061222010e+01 -2.160212987099676596e+01
-1.559875000000000000e+06 4.627170000000000000e+06 -5.457586374868939316e+01 -2.045910709695829865e+01
-1.557465000000000000e+06 4.541070000000000000e+06 -9.933844295921703633e+02 -5.664143777558375348e+01
-1.557465000000000000e+06 4.548450000000000000e+06 -1.192201619940608452e+03 -3.887040841032435878e+01
-1.557465000000000000e+06 4.558290000000000000e+06 -7.817573284376730953e+02 -3.372561343918246735e+01
-1.557465000000000000e+06 4.565670000000000000e+06 -2.428717472707311060e+02 -1.185716611116217933e+01
-1.557465000000000000e+06 4.575510000000000000e+06 -3.004906305450505215e+02 1.365539406967041458e+01
-1.557465000000000000e+06 4.577970000000000000e+06 -2.263059449156499738e+02 1.809305848994411292e+01
-1.557465000000000000e+06 4.580430000000000000e+06 -1.475661249892784213e+02 2.120073919775753168e+01
-1.557465000000000000e+06 4.582890000000000000e+06 -1.237315790374836126e+02 2.079269759442677312e+01
-1.557465000000000000e+06 4.585350000000000000e+06 -1.331148598639786940e+02 2.080481625977675364e+01
-1.557465000000000000e+06 4.587810000000000000e+06 -1.293848321617980162e+02 1.574563759934599361e+01
-1.557465000000000000e+06 4.590270000000000000e+06 -9.155674475164579462e+01 1.217271643442497187e+01
-1.557465000000000000e+06 4.592730000000000000e+06 -8.332176086649367619e+01 6.576509646780122509e+00
-1.557465000000000000e+06 4.595190000000000000e+06 -9.377960688506189513e+01 4.764544446744524708e-01
-1.557465000000000000e+06 4.597650000000000000e+06 -7.993158129514827692e+01 -5.641599681758725282e+00
-1.557465000000000000e+06 4.600110000000000000e+06 -6.217469292230495626e+01 -1.580849060624145430e+01
-1.557465000000000000e+06 4.605030000000000000e+06 -7.739956096297891008e+01 -1.362798919746094306e+01
-1.557465000000000000e+06 4.607490000000000000e+06 -1.096229364740945016e+02 -1.027980917133981009e+01
-1.557465000000000000e+06 4.612410000000000000e+06 -6.762858194106178189e+01 -1.863194353701433315e+01
-1.557465000000000000e+06 4.614870000000000000e+06 -9.041325829771945166e+01 -2.308153402997747250e+01
-1.557465000000000000e+06 4.619790000000000000e+06 -9.450008250518416730e+01 -2.149662153586387703e+01
-1.557465000000000000e+06 4.627170000000000000e+06 -5.457586374868939316e+01 -2.213682160967407953e+01
-1.557465000000000000e+06 4.629630000000000000e+06 -8.108806861451819259e+01 -2.064532425276941652e+01
-1.555055000000000000e+06 4.533690000000000000e+06 -8.021219729706788257e+02 -6.712933182124567111e+01
-1.555055000000000000e+06 4.536150000000000000e+06 -8.340881787777121872e+02 -6.269578262119610912e+01
-1.555055000000000000e+06 4.553370000000000000e+06 -8.124292895741159555e+02 -4.245031374079818676e+01
-1.555055000000000000e+06 4.555830000000000000e+06 -8.124292895741159555e+02 -4.365596940350226163e+01
-1.555055000000000000e+06 4.558290000000000000e+06 -5.691316731429465108e+02 -4.061248172189106498e+01
-1.555055000000000000e+06 4.560750000000000000e+06 -4.110788244163595095e+02 -3.374081921558268959e+01
-1.555055000000000000e+06 4.563210000000000000e+06 -3.674385368610861065e+02 -2.355897345018077260e+01
-1.555055000000000000e+06 4.568130000000000000e+06 -3.674399516180143905e+02 -4.683379975322160327e+00
-1.555055000000000000e+06 4.570590000000000000e+06 -3.894193805130545343e+02 3.887477723573025123e+00
-1.555055000000000000e+06 4.575510000000000000e+06 -2.258439655839626425e+02 1.666906326759535517e+01
-1.555055000000000000e+06 4.577970000000000000e+06 -2.237671656099873871e+02 2.214791392054688401e+01
-1.555055000000000000e+06 4.580430000000000000e+06 -2.155319178423167727e+02 2.235037220676957403e+01
-1.555055000000000000e+06 4.590270000000000000e+06 -7.989522650759630551e+01 1.082895441671226955e+01
-1.555055000000000000e+06 4.592730000000000000e+06 -9.481742829795895489e+01 6.695485001006009185e+00
-1.555055000000000000e+06 4.595190000000000000e+06 -1.250491723308933274e+02 3.742756460223720882e+00
-1.555055000000000000e+06 4.600110000000000000e+06 -9.807511399710236333e+01 -1.097134478478155017e+01
-1.555055000000000000e+06 4.602570000000000000e+06 -1.318626985100869433e+02 -1.009683582549756764e+01
-1.555055000000000000e+06 4.605030000000000000e+06 -8.947759993396103084e+01 -1.037128741026375067e+01
-1.555055000000000000e+06 4.607490000000000000e+06 -1.090814876260505457e+02 -8.827982786381136648e+00
-1.555055000000000000e+06 4.609950000000000000e+06 -9.055080291486348187e+01 -1.315116803773899079e+01
-1.555055000000000000e+06 4.614870000000000000e+06 -1.143721667804167481e+02 -2.117395081385496169e+01
-1.555055000000000000e+06 4.619790000000000000e+06 -1.027479528972067442e+02 -2.318939457816183847e+01
-1.555055000000000000e+06 4.622250000000000000e+06 -7.615726277354896467e+01 -2.551642697640027535e+01
-1.555055000000000000e+06 4.624710000000000000e+06 -5.637399144226255032e+01 -2.301852631413238015e+01
-1.555055000000000000e+06 4.627170000000000000e+06 -5.374994572537099913e+01 -2.214788662448528100e+01
-1.555055000000000000e+06 4.629630000000000000e+06 -7.953447182257022519e+01 -2.059234146104862617e+01
-1.552645000000000000e+06 4.545990000000000000e+06 -9.409177915733989721e+02 -4.065856208605163857e+01
-1.552645000000000000e+06 4.548450000000000000e+06 -9.695168881873597684e+02 -4.562579817737891830e+01
-1.552645000000000000e+06 4.558290000000000000e+06 -5.620790395805216804e+02 -4.158142613432934098e+01
-1.552645000000000000e+06 4.570590000000000000e+06 -4.267360066371845733e+02 3.127722158647284978e+00
-1.552645000000000000e+06 4.573050000000000000e+06 -2.683365102733562821e+02 1.039526932471072129e+01
-1.552645000000000000e+06 4.577970000000000000e+06 -1.800145784612529098e+02 2.148923087567452583e+01
-1.552645000000000000e+06 4.580430000000000000e+06 -1.409201689928960377e+02 2.526871479364662321e+01
-1.552645000000000000e+06 4.582890000000000000e+06 -1.377560192922195199e+02 2.327548573588597947e+01
-1.552645000000000000e+06 4.585350000000000000e+06 -1.303760769731712230e+02 1.995839652568404787e+01
-1.552645000000000000e+06 4.587810000000000000e+06 -9.335277969870040238e+01 1.540032356494772969e+01
-1.552645000000000000e+06 4.590270000000000000e+06 -1.108263845233563245e+02 1.105046380893438851e+01
-1.552645000000000000e+06 4.592730000000000000e+06 -1.229757106666588129e+02 8.033931579251289534e+00
-1.552645000000000000e+06 4.595190000000000000e+06 -9.486954515187098025e+01 2.238528499842974195e+00
-1.552645000000000000e+06 4.597650000000000000e+06 -8.053570954924300906e+01 -1.116225418853936890e+00
-1.552645000000000000e+06 4.602570000000000000e+06 -1.298557610184978159e+02 -1.110254478461903282e+01
-1.552645000000000000e+06 4.605030000000000000e+06 -1.224484549904832988e+02 -8.660969941534343519e+00
-1.552645000000000000e+06 4.607490000000000000e+06 -1.213252217779490394e+02 -6.419791254692045257e+00
-1.552645000000000000e+06 4.609950000000000000e+06 -1.132100714515827065e+02 -9.822938796412820750e+00
-1.552645000000000000e+06 4.612410000000000000e+06 -8.770528462430729633e+01 -1.212130100710154323e+01
-1.552645000000000000e+06 4.614870000000000000e+06 -1.138147247256845560e+02 -1.884237913485333848e+01
-1.550235000000000000e+06 4.533690000000000000e+06 -8.901597671216575236e+02 -6.493811119980432522e+01
-1.550235000000000000e+06 4.541070000000000000e+06 -8.469445507797749997e+02 -6.001571500487987265e+01
-1.550235000000000000e+06 4.560750000000000000e+06 -6.397016532882438469e+02 -2.701176961136923893e+01
-1.550235000000000000e+06 4.563210000000000000e+06 -5.187809538036590311e+02 -3.012454229453616250e+01
-1.550235000000000000e+06 4.568130000000000000e+06 -4.715684593572630092e+02 -8.945480400546850674e+00
-1.550235000000000000e+06 4.573050000000000000e+06 -3.005651123818335009e+02 7.244893520194805703e+00
-1.550235000000000000e+06 4.577970000000000000e+06 -3.149085840610184732e+02 2.174873950376226617e+01
-1.550235000000000000e+06 4.580430000000000000e+06 -2.423858563416245033e+02 2.525079471606835213e+01
-1.550235000000000000e+06 4.582890000000000000e+06 -1.594173188771573564e+02 2.311521776682014817e+01
-1.550235000000000000e+06 4.585350000000000000e+06 -1.566134237699458538e+02 1.905106686297150986e+01
-1.550235000000000000e+06 4.587810000000000000e+06 -1.472685749576961598e+02 1.767450645779276286e+01
-1.550235000000000000e+06 4.590270000000000000e+06 -1.175455464154017875e+02 9.254643405980875315e+00
-1.550235000000000000e+06 4.592730000000000000e+06 -1.231585414929007811e+02 6.726767675748024367e+00
-1.550235000000000000e+06 4.595190000000000000e+06 -1.251927870128299247e+02 1.752224372173188716e+00
-1.550235000000000000e+06 4.597650000000000000e+06 -9.891690688915619489e+01 -2.778746467850290003e+00
-1.550235000000000000e+06 4.600110000000000000e+06 -1.403563104539130393e+02 -5.872514442090650988e+00
-1.550235000000000000e+06 4.602570000000000000e+06 -1.681808124599317011e+02 -7.572866893423471524e+00
-1.550235000000000000e+06 4.605030000000000000e+06 -1.402059236050019990e+02 -9.363278869357172240e+00
-1.550235000000000000e+06 4.607490000000000000e+06 -1.286021076032123744e+02 -9.708463977110360688e+00
-1.550235000000000000e+06 4.614870000000000000e+06 -1.265162290080491090e+02 -1.997852439695264337e+01
-1.550235000000000000e+06 4.619790000000000000e+06 -1.078030718629387366e+02 -2.433089609441891099e+01
-1.550235000000000000e+06 4.622250000000000000e+06 -8.222928013766303934e+01 -2.561216949489663719e+01
-1.547825000000000000e+06 4.538610000000000000e+06 -9.228417403349524193e+02 -6.412489579856374178e+01
-1.547825000000000000e+06 4.550910000000000000e+06 -9.578224970890073564e+02 -5.351190917685540427e+01
-1.547825000000000000e+06 4.553370000000000000e+06 -1.024718194649462475e+03 -5.359382410963913657e+01
-1.547825000000000000e+06 4.560750000000000000e+06 -8.207089465935872568e+02 -4.036284875755040957e+01
-1.547825000000000000e+06 4.563210000000000000e+06 -7.779336882127493027e+02 -2.927295693000695920e+01
-1.547825000000000000e+06 4.565670000000000000e+06 -8.017231681249332951e+02 -2.341773229208766338e+01
-1.547825000000000000e+06 4.573050000000000000e+06 -3.312501593861913420e+02 8.433045376084153943e+00
-1.547825000000000000e+06 4.577970000000000000e+06 -3.309833441087960750e+02 2.160143670692407625e+01
-1.547825000000000000e+06 4.580430000000000000e+06 -1.932692300236342362e+02 2.259913014543655407e+01
-1.547825000000000000e+06 4.582890000000000000e+06 -1.861288723017353277e+02 2.247884896909895147e+01
-1.547825000000000000e+06 4.585350000000000000e+06 -1.969833470612791189e+02 1.877793177521480317e+01
-1.547825000000000000e+06 4.587810000000000000e+06 -1.740446755989470375e+02 1.444817018700004674e+01
-1.547825000000000000e+06 4.590270000000000000e+06 -1.467817691119942083e+02 9.345986009166230346e+00
-1.547825000000000000e+06 4.592730000000000000e+06 -1.395129050622001898e+02 5.423479797620838205e+00
-1.547825000000000000e+06 4.597650000000000000e+06 -1.167766650553756733e+02 -4.348474459654133817e+00
-1.547825000000000000e+06 4.600110000000000000e+06 -1.409929786971990211e+02 -7.630314782011396346e+00
-1.547825000000000000e+06 4.602570000000000000e+06 -1.933821610581025823e+02 -9.283436071308900139e+00
-1.547825000000000000e+06 4.605030000000000000e+06 -1.444165309359716787e+02 -1.008599583217520745e+01
-1.547825000000000000e+06 4.617330000000000000e+06 -1.329373958546487984e+02 -2.593401921874241367e+01
-1.547825000000000000e+06 4.619790000000000000e+06 -1.084161448462081836e+02 -2.513146760387857981e+01
-1.545415000000000000e+06 4.531230000000000000e+06 -7.962328286667260500e+02 -6.756971675054349191e+01
-1.545415000000000000e+06 4.548450000000000000e+06 -1.079879508964397928e+03 -5.633621197252693946e+01
-1.545415000000000000e+06 4.558290000000000000e+06 -1.133600271540939957e+03 -5.636552773725694720e+01
-1.545415000000000000e+06 4.565670000000000000e+06 -1.035040371006088435e+03 -2.946066110602418320e+01
-1.545415000000000000e+06 4.568130000000000000e+06 -8.496667857296204147e+02 -2.327052136750002731e+01
-1.545415000000000000e+06 4.570590000000000000e+06 -6.046104275236391459e+02 -6.867245043564935258e+00
-1.545415000000000000e+06 4.573050000000000000e+06 -4.813501933828832193e+02 3.629662079804184760e+00
-1.545415000000000000e+06 4.575510000000000000e+06 -4.505385517327708840e+02 1.158300147141268610e+01
-1.545415000000000000e+06 4.580430000000000000e+06 -2.795424729172424918e+02 2.055492372644414445e+01
-1.545415000000000000e+06 4.582890000000000000e+06 -1.927421696799465565e+02 2.560937553032520952e+01
-1.545415000000000000e+06 4.585350000000000000e+06 -2.315003371945958861e+02 1.848246103578557609e+01
-1.545415000000000000e+06 4.587810000000000000e+06 -1.895124311533155037e+02 1.264595649752507711e+01
-1.545415000000000000e+06 4.590270000000000000e+06 -1.537511315588312755e+02 6.106726060843171489e+00
-1.545415000000000000e+06 4.592730000000000000e+06 -1.386312643468180568e+02 1.897409106508301635e+00
-1.545415000000000000e+06 4.609950000000000000e+06 -1.006558440560793741e+02 -1.411713481855985108e+01
-1.545415000000000000e+06 4.617330000000000000e+06 -1.383213763139971775e+02 -2.732967024845052606e+01
-1.545415000000000000e+06 4.619790000000000000e+06 -1.104733418559633265e+02 -2.891837585483241213e+01
-1.545415000000000000e+06 4.624710000000000000e+06 -1.027546688874057565e+02 -2.802710137806576540e+01
-1.545415000000000000e+06 4.629630000000000000e+06 -7.593561353717926465e+01 -2.553081576641460515e+01
-1.543005000000000000e+06 4.538610000000000000e+06 -1.034865969890715405e+03 -6.568116676447651514e+01
-1.543005000000000000e+06 4.541070000000000000e+06 -1.009525677586811639e+03 -6.622576280315733754e+01
-1.543005000000000000e+06 4.545990000000000000e+06 -1.087446289844858484e+03 -6.067205570459117325e+01
-1.543005000000000000e+06 4.550910000000000000e+06 -1.034772362263639934e+03 -6.598107351882768512e+01
-1.543005000000000000e+06 4.555830000000000000e+06 -1.091823533998613129e+03 -5.586660916764372331e+01
-1.543005000000000000e+06 4.558290000000000000e+06 -1.180419372889934948e+03 -5.403644134734632587e+01
-1.543005000000000000e+06 4.563210000000000000e+06 -1.019801681521289538e+03 -3.545425460198438117e+01
-1.543005000000000000e+06 4.570590000000000000e+06 -5.946428636652269688e+02 -7.340997323347931314e+00
-1.543005000000000000e+06 4.575510000000000000e+06 -2.966661179572752758e+02 9.925114504487346778e+00
-1.543005000000000000e+06 4.577970000000000000e+06 -2.480156254744407249e+02 1.675872361247732201e+01
-1.543005000000000000e+06 4.580430000000000000e+06 -2.948097785867062726e+02 2.047743752876519352e+01
-1.543005000000000000e+06 4.582890000000000000e+06 -3.319007537819491631e+02 1.828879307511506624e+01
-1.543005000000000000e+06 4.587810000000000000e+06 -1.648382310849252974e+02 1.166669246100870083e+01
-1.543005000000000000e+06 4.590270000000000000e+06 -1.328862519817437260e+02 4.257371956820055203e+00
-1.543005000000000000e+06 4.592730000000000000e+06 -1.383720116519854173e+02 -2.031299438944920988e-01
-1.543005000000000000e+06 4.600110000000000000e+06 -1.463432021070838118e+02 -1.268458895716750234e+01
-1.543005000000000000e+06 4.602570000000000000e+06 -1.653898917093636385e+02 -1.281773034333465588e+01
-1.543005000000000000e+06 4.605030000000000000e+06 -1.621771973789287244e+02 -1.347806301107654292e+01
-1.543005000000000000e+06 4.607490000000000000e+06 -1.306741344815377204e+02 -1.546014409143762336e+01
-1.543005000000000000e+06 4.614870000000000000e+06 -1.126473645112388056e+02 -2.627456896347399606e+01
-1.543005000000000000e+06 4.622250000000000000e+06 -8.916952156062467338e+01 -2.573861027513382993e+01
-1.540595000000000000e+06 4.541070000000000000e+06 -9.377966336626159318e+02 -6.437756746935980345e+01
-1.540595000000000000e+06 4.555830000000000000e+06 -1.349435496448069898e+03 -5.458368246901804355e+01
-1.540595000000000000e+06 4.558290000000000000e+06 -1.325248364691939059e+03 -5.046153800612904661e+01
-1.540595000000000000e+06 4.560750000000000000e+06 -1.181020019345963419e+03 -4.157557279226258373e+01
-1.540595000000000000e+06 4.565670000000000000e+06 -9.170884095730780246e+02 -2.926744906816351133e+01
-1.540595000000000000e+06 4.568130000000000000e+06 -8.248345869292882071e+02 -2.312364786599420441e+01
-1.540595000000000000e+06 4.575510000000000000e+06 -2.674669396061627822e+02 1.055052073333858509e+01
-1.540595000000000000e+06 4.577970000000000000e+06 -2.134558846053427601e+02 1.473852330707454428e+01
-1.540595000000000000e+06 4.580430000000000000e+06 -2.121256016434200546e+02 1.729707322877700193e+01
-1.540595000000000000e+06 4.582890000000000000e+06 -1.973245068516552863e+02 1.754253922039188041e+01
-1.540595000000000000e+06 4.585350000000000000e+06 -1.751923849244516589e+02 1.125723177107618334e+01
-1.540595000000000000e+06 4.587810000000000000e+06 -1.860448520343512939e+02 9.765204486523675342e+00
-1.540595000000000000e+06 4.590270000000000000e+06 -2.176982954810798390e+02 1.436706301478583914e+00
-1.540595000000000000e+06 4.592730000000000000e+06 -1.831538109096190112e+02 -3.167993678584972272e+00
-1.540595000000000000e+06 4.595190000000000000e+06 -1.679817413947581599e+02 -1.079694979816695977e+01
-1.540595000000000000e+06 4.597650000000000000e+06 -1.513375737519055235e+02 -1.503884779935497740e+01
-1.540595000000000000e+06 4.602570000000000000e+06 -1.812163082938691332e+02 -1.834690714635326714e+01
-1.540595000000000000e+06 4.605030000000000000e+06 -1.748412289742009307e+02 -1.864612237392264760e+01
-1.540595000000000000e+06 4.607490000000000000e+06 -1.416019935140590178e+02 -2.198565731835546444e+01
-1.540595000000000000e+06 4.612410000000000000e+06 -9.300371160931236147e+01 -2.796480953367341726e+01
-1.540595000000000000e+06 4.614870000000000000e+06 -1.168668064225974490e+02 -2.970986937533853478e+01
-1.540595000000000000e+06 4.622250000000000000e+06 -1.078674076484687419e+02 -2.744269643615982801e+01
-1.540595000000000000e+06 4.624710000000000000e+06 -1.289005424891086022e+02 -2.776232932298194100e+01
-1.538185000000000000e+06 4.541070000000000000e+06 -8.420934475250294327e+02 -6.625945548308514788e+01
-1.538185000000000000e+06 4.555830000000000000e+06 -1.437454716531646454e+03 -5.571115227457795527e+01
-1.538185000000000000e+06 4.558290000000000000e+06 -1.240184574286348607e+03 -4.329380237809338183e+01
-1.538185000000000000e+06 4.560750000000000000e+06 -8.935480748411754348e+02 -4.609626516733109725e+01
-1.538185000000000000e+06 4.568130000000000000e+06 -6.040384710863708051e+02 -2.483694000057942475e+01
-1.538185000000000000e+06 4.573050000000000000e+06 -3.933085865713412090e+02 -3.910752356791217466e+00
-1.538185000000000000e+06 4.577970000000000000e+06 -2.201266602932874719e+02 1.000825002793043694e+01
-1.538185000000000000e+06 4.580430000000000000e+06 -3.078327240617904863e+02 1.290665239120078667e+01
-1.538185000000000000e+06 4.582890000000000000e+06 -2.932539160073631592e+02 1.320359758979626541e+01
-1.538185000000000000e+06 4.585350000000000000e+06 -2.417002284545944804e+02 1.215389072382410163e+01
-1.538185000000000000e+06 4.587810000000000000e+06 -2.404523318039440483e+02 5.528034153558824215e+00
-1.538185000000000000e+06 4.590270000000000000e+06 -2.292587843524716504e+02 8.250013766982372543e-02
-1.538185000000000000e+06 4.592730000000000000e+06 -1.889820957952337608e+02 -6.771459832082856067e+00
-1.538185000000000000e+06 4.595190000000000000e+06 -1.596821228956429479e+02 -1.337810614187901059e+01
-1.538185000000000000e+06 4.597650000000000000e+06 -1.476277222846679535e+02 -1.739779224029770077e+01
-1.538185000000000000e+06 4.605030000000000000e+06 -1.735267458009773520e+02 -2.264437501489738835e+01
-1.538185000000000000e+06 4.609950000000000000e+06 -1.215281360329131957e+02 -2.831218177213114373e+01
-1.538185000000000000e+06 4.612410000000000000e+06 -9.618408330996561517e+01 -2.927532122281657223e+01
-1.538185000000000000e+06 4.617330000000000000e+06 -1.699650160241195067e+02 -3.201143587816957847e+01
-1.538185000000000000e+06 4.619790000000000000e+06 -1.287776833278887239e+02 -2.897013577377392579e+01
-1.538185000000000000e+06 4.622250000000000000e+06 -9.530060024083562098e+01 -2.765241065311077051e+01
-1.538185000000000000e+06 4.624710000000000000e+06 -1.464610718552884236e+02 -2.711585809198778563e+01
-1.538185000000000000e+06 4.627170000000000000e+06 -1.296228209335837107e+02 -2.682679883922776298e+01
-1.538185000000000000e+06 4.629630000000000000e+06 -1.016469098296588811e+02 -2.608876195416532440e+01
-1.535775000000000000e+06 4.533690000000000000e+06 -7.975512888907617253e+02 -7.143826216089370007e+01
-1.535775000000000000e+06 4.536150000000000000e+06 -7.907044706335581168e+02 -6.826484432345779396e+01
-1.535775000000000000e+06 4.545990000000000000e+06 -9.998824221188680212e+02 -6.777180171853585477e+01
-1.535775000000000000e+06 4.558290000000000000e+06 -1.170935332284319657e+03 -5.545159718156786255e+01
-1.535775000000000000e+06 4.560750000000000000e+06 -8.186276157493025494e+02 -4.854186184724123621e+01
-1.535775000000000000e+06 4.563210000000000000e+06 -7.519033083396094526e+02 -3.858313775614136887e+01
-1.535775000000000000e+06 4.565670000000000000e+06 -6.523492237384097052e+02 -3.064537130677182830e+01
-1.535775000000000000e+06 4.568130000000000000e+06 -4.356872224881700504e+02 -2.824908349293096421e+01
-1.535775000000000000e+06 4.573050000000000000e+06 -2.877306988102973833e+02 -1.036181353941916328e+01
-1.535775000000000000e+06 4.577970000000000000e+06 -3.414227088202018194e+02 8.493076066817771164e+00
-1.535775000000000000e+06 4.580430000000000000e+06 -3.884063083707394526e+02 9.697191625452161290e+00
-1.535775000000000000e+06 4.582890000000000000e+06 -3.238256194191862392e+02 7.850164304284962924e+00
-1.535775000000000000e+06 4.585350000000000000e+06 -2.441789282848194773e+02 6.314466497009007639e+00
-1.535775000000000000e+06 4.587810000000000000e+06 -2.421609856611136706e+02 4.863859484826157598e+00
-1.535775000000000000e+06 4.592730000000000000e+06 -1.963078972483940561e+02 -8.047156830020051999e+00
-1.535775000000000000e+06 4.595190000000000000e+06 -1.585067967922291530e+02 -1.545866568234649918e+01
-1.535775000000000000e+06 4.597650000000000000e+06 -1.485048353983892753e+02 -2.097396064956373962e+01
-1.535775000000000000e+06 4.602570000000000000e+06 -2.229396402939145787e+02 -2.622035501340353392e+01
-1.535775000000000000e+06 4.607490000000000000e+06 -1.500438542027463882e+02 -2.944561213323122573e+01
-1.535775000000000000e+06 4.609950000000000000e+06 -1.205371676473431393e+02 -3.011945708243793973e+01
-1.535775000000000000e+06 4.612410000000000000e+06 -1.037072014652698329e+02 -3.090888953467742795e+01
-1.535775000000000000e+06 4.617330000000000000e+06 -1.823100676857691269e+02 -3.099113199989968592e+01
-1.535775000000000000e+06 4.619790000000000000e+06 -1.273548543323830984e+02 -2.992178788993208016e+01
-1.535775000000000000e+06 4.622250000000000000e+06 -1.192167580115260250e+02 -2.825641998341770034e+01
-1.535775000000000000e+06 4.624710000000000000e+06 -1.360416692856504994e+02 -2.740452705905455488e+01
-1.535775000000000000e+06 4.627170000000000000e+06 -1.437337845447525808e+02 -2.645621792492219981e+01
-1.533365000000000000e+06 4.533690000000000000e+06 -7.385162798931373800e+02 -6.904402659315762492e+01
-1.533365000000000000e+06 4.553370000000000000e+06 -1.356313285667733226e+03 -5.809912195656326617e+01
-1.533365000000000000e+06 4.555830000000000000e+06 -1.356313285667733226e+03 -5.636953312188631315e+01
-1.533365000000000000e+06 4.563210000000000000e+06 -6.304986138235241242e+02 -4.723745166436671639e+01
-1.533365000000000000e+06 4.568130000000000000e+06 -3.800702065722304042e+02 -3.006057839946662824e+01
-1.533365000000000000e+06 4.570590000000000000e+06 -3.301257146318599780e+02 -2.245797054044538044e+01
-1.533365000000000000e+06 4.575510000000000000e+06 -3.532014991130712929e+02 -2.840806982532924518e+00
-1.533365000000000000e+06 4.580430000000000000e+06 -4.235301014587283817e+02 3.056797716543880661e+00
-1.533365000000000000e+06 4.582890000000000000e+06 -3.693899856920579623e+02 5.351519285708738138e+00
-1.533365000000000000e+06 4.585350000000000000e+06 -3.544797064897515497e+02 1.915253056892672223e+00
-1.533365000000000000e+06 4.587810000000000000e+06 -2.682911685036085601e+02 -7.408032624748160933e-01
-1.533365000000000000e+06 4.590270000000000000e+06 -2.113488361270370888e+02 -4.059672372859864709e+00
-1.533365000000000000e+06 4.592730000000000000e+06 -1.845385275411283033e+02 -1.151017758764067622e+01
-1.533365000000000000e+06 4.597650000000000000e+06 -1.745748231784452003e+02 -2.295455144098686873e+01
-1.533365000000000000e+06 4.600110000000000000e+06 -2.285116524393113480e+02 -2.661981905840618623e+01
-1.533365000000000000e+06 4.602570000000000000e+06 -2.200451038493186218e+02 -3.080498694916670388e+01
-1.533365000000000000e+06 4.605030000000000000e+06 -1.678821957060943930e+02 -2.961513740754719848e+01
-1.533365000000000000e+06 4.612410000000000000e+06 -1.130383125261321595e+02 -3.160056399576587438e+01
-1.533365000000000000e+06 4.624710000000000000e+06 -1.479078909061044556e+02 -2.737898748993354303e+01
-1.530955000000000000e+06 4.536150000000000000e+06 -8.399173525921213468e+02 -7.054593993553932307e+01
-1.530955000000000000e+06 4.548450000000000000e+06 -1.096197395911396143e+03 -6.021308304844311010e+01
-1.530955000000000000e+06 4.555830000000000000e+06 -1.410279050470415768e+03 -5.936841625893170260e+01
-1.530955000000000000e+06 4.563210000000000000e+06 -7.222830852706606493e+02 -5.140124833803024273e+01
-1.530955000000000000e+06 4.565670000000000000e+06 -4.967381172252426609e+02 -4.605205136190610915e+01
-1.530955000000000000e+06 4.568130000000000000e+06 -4.183433372096491780e+02 -3.212527708415656491e+01
-1.530955000000000000e+06 4.573050000000000000e+06 -3.294367019853779084e+02 -1.867352028782969953e+01
-1.530955000000000000e+06 4.577970000000000000e+06 -4.235539018773039288e+02 -1.973261821851229003e+00
-1.530955000000000000e+06 4.580430000000000000e+06 -3.377995132182797988e+02 -9.722020207995536456e-01
-1.530955000000000000e+06 4.585350000000000000e+06 -2.823323953380532885e+02 -9.918158649940046478e-01
-1.530955000000000000e+06 4.590270000000000000e+06 -2.185811256223190071e+02 -7.029142940551450280e+00
-1.530955000000000000e+06 4.592730000000000000e+06 -1.979738411449650357e+02 -1.364117119865424144e+01
-1.530955000000000000e+06 4.595190000000000000e+06 -1.807204329802267466e+02 -2.002423989155017026e+01
-1.530955000000000000e+06 4.597650000000000000e+06 -2.190728217032810221e+02 -2.728450572986438516e+01
-1.530955000000000000e+06 4.600110000000000000e+06 -2.452177171228192663e+02 -3.247941881523330210e+01
-1.530955000000000000e+06 4.605030000000000000e+06 -1.937017288861125905e+02 -3.320712742104622350e+01
-1.530955000000000000e+06 4.612410000000000000e+06 -1.249404472587317230e+02 -3.293914548223240502e+01
-1.530955000000000000e+06 4.614870000000000000e+06 -1.470299622671084592e+02 -3.353443535909749329e+01
-1.530955000000000000e+06 4.629630000000000000e+06 -1.133636040259341087e+02 -2.546492802569555280e+01
-1.528545000000000000e+06 4.536150000000000000e+06 -8.658818998196945813e+02 -6.919425735692362878e+01
-1.528545000000000000e+06 4.560750000000000000e+06 -1.177216697025140547e+03 -5.468975889780517718e+01
-1.528545000000000000e+06 4.563210000000000000e+06 -8.364373829478648759e+02 -5.193279683776946598e+01
-1.528545000000000000e+06 4.565670000000000000e+06 -5.273982079013724160e+02 -4.871587568770203092e+01
-1.528545000000000000e+06 4.570590000000000000e+06 -4.180485835383400968e+02 -3.269116340306688073e+01
-1.528545000000000000e+06 4.575510000000000000e+06 -3.586994657281020977e+02 -1.892114082949201759e+01
-1.528545000000000000e+06 4.577970000000000000e+06 -3.422124091406882371e+02 -9.656946082567012368e+00
-1.528545000000000000e+06 4.580430000000000000e+06 -3.040515203987919222e+02 -5.376990490518372745e+00
-1.528545000000000000e+06 4.590270000000000000e+06 -2.328693909094355945e+02 -1.069324838609803052e+01
-1.528545000000000000e+06 4.592730000000000000e+06 -1.939846683108323759e+02 -1.540756143443158521e+01
-1.528545000000000000e+06 4.595190000000000000e+06 -1.941940058030057514e+02 -2.169315028977800353e+01
-1.528545000000000000e+06 4.597650000000000000e+06 -2.280508560617333842e+02 -2.904456310763086435e+01
-1.528545000000000000e+06 4.602570000000000000e+06 -2.162270564732494336e+02 -3.396870409033750349e+01
-1.528545000000000000e+06 4.609950000000000000e+06 -1.162379452263483870e+02 -3.378419121330177433e+01
-1.528545000000000000e+06 4.612410000000000000e+06 -1.308436626996581253e+02 -3.385869732540376731e+01
-1.528545000000000000e+06 4.614870000000000000e+06 -1.676175365656010854e+02 -3.420194861052915059e+01
-1.528545000000000000e+06 4.617330000000000000e+06 -1.895514651634130416e+02 -3.309180518908917890e+01
-1.528545000000000000e+06 4.622250000000000000e+06 -1.365029752986588107e+02 -3.021584898162191024e+01
-1.528545000000000000e+06 4.629630000000000000e+06 -1.339097081452260625e+02 -2.597263357883448975e+01
-1.526135000000000000e+06 4.533690000000000000e+06 -8.335058121301060510e+02 -7.577417787224277390e+01
-1.526135000000000000e+06 4.548450000000000000e+06 -1.096632967004281909e+03 -7.140502135635466630e+01
-1.526135000000000000e+06 4.555830000000000000e+06 -1.455280355527532265e+03 -6.169709581898782602e+01
-1.526135000000000000e+06 4.568130000000000000e+06 -5.839349887013838725e+02 -4.246213825723065582e+01
-1.526135000000000000e+06 4.575510000000000000e+06 -4.083153253549938881e+02 -2.119117736301819122e+01
-1.526135000000000000e+06 4.582890000000000000e+06 -3.793231136992302481e+02 -9.314235216259476147e+00
-1.526135000000000000e+06 4.587810000000000000e+06 -2.752687050393725485e+02 -9.267678924368663473e+00
-1.526135000000000000e+06 4.590270000000000000e+06 -2.325377507869894202e+02 -1.264568868831795889e+01
-1.526135000000000000e+06 4.592730000000000000e+06 -2.041611757531341595e+02 -1.649775862116007019e+01
-1.526135000000000000e+06 4.597650000000000000e+06 -2.444989699274959207e+02 -3.136203261133179154e+01
-1.526135000000000000e+06 4.600110000000000000e+06 -2.558973356704043169e+02 -3.157373226857237114e+01
-1.526135000000000000e+06 4.602570000000000000e+06 -1.867779216995972149e+02 -3.309839808597686073e+01
-1.526135000000000000e+06 4.605030000000000000e+06 -1.597194668347623860e+02 -3.510785433122097743e+01
-1.526135000000000000e+06 4.607490000000000000e+06 -1.339349905616184628e+02 -3.557083122350641702e+01
-1.526135000000000000e+06 4.609950000000000000e+06 -1.241680685624501166e+02 -3.455782418773360121e+01
-1.526135000000000000e+06 4.612410000000000000e+06 -1.420563189179978849e+02 -3.407722787313122836e+01
-1.526135000000000000e+06 4.614870000000000000e+06 -1.950520572159463200e+02 -3.548725972250635863e+01
-1.526135000000000000e+06 4.617330000000000000e+06 -1.992851809481260261e+02 -3.307560171239681068e+01
-1.526135000000000000e+06 4.622250000000000000e+06 -1.339732576523191199e+02 -3.092001963978205836e+01
-1.526135000000000000e+06 4.627170000000000000e+06 -1.531628870492105250e+02 -2.756785781848509487e+01
-1.526135000000000000e+06 4.629630000000000000e+06 -1.619835518507055951e+02 -2.632629670276419631e+01
