         200
   2958.6800000003914       -230.00000000000000       -1.0000000000000000       0.15118364554429109      
   3208.6800000003914       -230.00000000000000       -1.0000000000000000       0.18834763748569947      
   3458.6800000003914       -230.00000000000000       -1.0000000000000000       0.23724264705899062      
   3708.6800000003914       -230.00000000000000       -1.0000000000000000       0.30407383764509222      
   3958.6800000003914       -230.00000000000000       -1.0000000000000000       0.39735610848645281      
   4208.6800000003914       -230.00000000000000       -1.0000000000000000       0.52957183956669884      
   4458.6800000003914       -230.00000000000000       -1.0000000000000000       0.72081315284017511      
   4708.6800000003914       -230.00000000000000       -1.0000000000000000        1.0030777831653674      
   4958.6800000003914       -230.00000000000000       -1.0000000000000000        1.4255351494195188      
   5208.6800000003914       -230.00000000000000       -1.0000000000000000        2.0561451327698208      
   5458.6800000003914       -230.00000000000000       -1.0000000000000000        2.9553406578171697      
   5708.6800000003914       -230.00000000000000       -1.0000000000000000        4.0978313384519778      
   5958.6800000003914       -230.00000000000000       -1.0000000000000000        5.2111808129897890      
   6208.6800000003914       -230.00000000000000       -1.0000000000000000        5.6887315024546155      
   6458.6800000003914       -230.00000000000000       -1.0000000000000000        5.1590053926966242      
   6708.6800000003914       -230.00000000000000       -1.0000000000000000        4.0587225494885555      
   6958.6800000003914       -230.00000000000000       -1.0000000000000000        2.9293908153308053      
   7208.6800000003914       -230.00000000000000       -1.0000000000000000        2.0373842183525244      
   7458.6800000003914       -230.00000000000000       -1.0000000000000000        1.4131429830352675      
   7708.6800000003914       -230.00000000000000       -1.0000000000000000       0.99478325053802308      
   7958.6800000003914       -230.00000000000000       -1.0000000000000000       0.71573943235837156      
   8208.6800000003914       -230.00000000000000       -1.0000000000000000       0.52551657988115430      
   8458.6800000003914       -230.00000000000000       -1.0000000000000000       0.39489038771414836      
   8708.6800000003914       -230.00000000000000       -1.0000000000000000       0.30259574994006050      
   8958.6800000003914       -230.00000000000000       -1.0000000000000000       0.23597274733473292      
   9208.6800000003914       -230.00000000000000       -1.0000000000000000       0.18728355591068954      
   9458.6800000003914       -230.00000000000000       -1.0000000000000000       0.15078659634099176      
   9708.6800000003914       -230.00000000000000       -1.0000000000000000       0.12241926678002445      
   9958.6800000003914       -230.00000000000000       -1.0000000000000000       0.10119796892713771      
   10208.680000000391       -230.00000000000000       -1.0000000000000000        8.4831593308359723E-002 
   10458.680000000391       -230.00000000000000       -1.0000000000000000        7.1232109765030679E-002 
   10708.680000000391       -230.00000000000000       -1.0000000000000000        6.0727037303077575E-002 
   10958.680000000391       -230.00000000000000       -1.0000000000000000        5.1792070324488640E-002 
   11208.680000000391       -230.00000000000000       -1.0000000000000000        4.4532052965274765E-002 
   11458.680000000391       -230.00000000000000       -1.0000000000000000        3.8821049052447563E-002 
   11708.680000000391       -230.00000000000000       -1.0000000000000000        3.4092334044610859E-002 
   11958.680000000391       -230.00000000000000       -1.0000000000000000        2.9663338720956951E-002 
   12208.680000000391       -230.00000000000000       -1.0000000000000000        2.6330762270911807E-002 
   12458.680000000391       -230.00000000000000       -1.0000000000000000        2.2616196272634469E-002 
   12708.680000000391       -230.00000000000000       -1.0000000000000000        2.0726866893413444E-002 
   2958.6800000003914       -105.00000000000000       -1.0000000000000000       0.15179095054091063      
   3208.6800000003914       -105.00000000000000       -1.0000000000000000       0.18914808911077058      
   3458.6800000003914       -105.00000000000000       -1.0000000000000000       0.23823909691354972      
   3708.6800000003914       -105.00000000000000       -1.0000000000000000       0.30596268944646499      
   3958.6800000003914       -105.00000000000000       -1.0000000000000000       0.40057197843287823      
   4208.6800000003914       -105.00000000000000       -1.0000000000000000       0.53356307060931785      
   4458.6800000003914       -105.00000000000000       -1.0000000000000000       0.72745433318937280      
   4708.6800000003914       -105.00000000000000       -1.0000000000000000        1.0143529499400319      
   4958.6800000003914       -105.00000000000000       -1.0000000000000000        1.4457933188458834      
   5208.6800000003914       -105.00000000000000       -1.0000000000000000        2.0937737759313610      
   5458.6800000003914       -105.00000000000000       -1.0000000000000000        3.0247590324400817      
   5708.6800000003914       -105.00000000000000       -1.0000000000000000        4.2180848139280993      
   5958.6800000003914       -105.00000000000000       -1.0000000000000000        5.3947651108484269      
   6208.6800000003914       -105.00000000000000       -1.0000000000000000        5.9087285737253330      
   6458.6800000003914       -105.00000000000000       -1.0000000000000000        5.3519944960816179      
   6708.6800000003914       -105.00000000000000       -1.0000000000000000        4.1885919326967791      
   6958.6800000003914       -105.00000000000000       -1.0000000000000000        3.0027093309461779      
   7208.6800000003914       -105.00000000000000       -1.0000000000000000        2.0767079125233634      
   7458.6800000003914       -105.00000000000000       -1.0000000000000000        1.4345050738740148      
   7708.6800000003914       -105.00000000000000       -1.0000000000000000        1.0064665302766813      
   7958.6800000003914       -105.00000000000000       -1.0000000000000000       0.72175919371852570      
   8208.6800000003914       -105.00000000000000       -1.0000000000000000       0.52999379188715334      
   8458.6800000003914       -105.00000000000000       -1.0000000000000000       0.39803196500258897      
   8708.6800000003914       -105.00000000000000       -1.0000000000000000       0.30457069810146070      
   8958.6800000003914       -105.00000000000000       -1.0000000000000000       0.23718805631655804      
   9208.6800000003914       -105.00000000000000       -1.0000000000000000       0.18781341471976468      
   9458.6800000003914       -105.00000000000000       -1.0000000000000000       0.15107798102210532      
   9708.6800000003914       -105.00000000000000       -1.0000000000000000       0.12308489694840388      
   9958.6800000003914       -105.00000000000000       -1.0000000000000000       0.10145265554526296      
   10208.680000000391       -105.00000000000000       -1.0000000000000000        8.4621785582230255E-002 
   10458.680000000391       -105.00000000000000       -1.0000000000000000        7.1277466633365066E-002 
   10708.680000000391       -105.00000000000000       -1.0000000000000000        6.0746280898266405E-002 
   10958.680000000391       -105.00000000000000       -1.0000000000000000        5.2063289062418250E-002 
   11208.680000000391       -105.00000000000000       -1.0000000000000000        4.4673490583499800E-002 
   11458.680000000391       -105.00000000000000       -1.0000000000000000        3.9097879517877653E-002 
   11708.680000000391       -105.00000000000000       -1.0000000000000000        3.3948338063027876E-002 
   11958.680000000391       -105.00000000000000       -1.0000000000000000        2.9959326101890827E-002 
   12208.680000000391       -105.00000000000000       -1.0000000000000000        2.6075878789471235E-002 
   12458.680000000391       -105.00000000000000       -1.0000000000000000        2.2746509015077191E-002 
   12708.680000000391       -105.00000000000000       -1.0000000000000000        2.0642366477838774E-002 
   2958.6800000003914        20.000000000000000       -1.0000000000000000       0.15176614902194541      
   3208.6800000003914        20.000000000000000       -1.0000000000000000       0.18915287095649386      
   3458.6800000003914        20.000000000000000       -1.0000000000000000       0.23857777055040008      
   3708.6800000003914        20.000000000000000       -1.0000000000000000       0.30570413395074619      
   3958.6800000003914        20.000000000000000       -1.0000000000000000       0.39913018126131927      
   4208.6800000003914        20.000000000000000       -1.0000000000000000       0.53223999380728548      
   4458.6800000003914        20.000000000000000       -1.0000000000000000       0.72546831915409027      
   4708.6800000003914        20.000000000000000       -1.0000000000000000        1.0108910100628119      
   4958.6800000003914        20.000000000000000       -1.0000000000000000        1.4409137986024856      
   5208.6800000003914        20.000000000000000       -1.0000000000000000        2.0833672865986070      
   5458.6800000003914        20.000000000000000       -1.0000000000000000        3.0058441411830432      
   5708.6800000003914        20.000000000000000       -1.0000000000000000        4.1847321752234796      
   5958.6800000003914        20.000000000000000       -1.0000000000000000        5.3459375275909995      
   6208.6800000003914        20.000000000000000       -1.0000000000000000        5.8579696847961129      
   6458.6800000003914        20.000000000000000       -1.0000000000000000        5.3190889343131218      
   6708.6800000003914        20.000000000000000       -1.0000000000000000        4.1669434344770995      
   6958.6800000003914        20.000000000000000       -1.0000000000000000        2.9882622799146032      
   7208.6800000003914        20.000000000000000       -1.0000000000000000        2.0690455048311107      
   7458.6800000003914        20.000000000000000       -1.0000000000000000        1.4303523879085982      
   7708.6800000003914        20.000000000000000       -1.0000000000000000        1.0037585427398021      
   7958.6800000003914        20.000000000000000       -1.0000000000000000       0.72016043027401888      
   8208.6800000003914        20.000000000000000       -1.0000000000000000       0.52892077664868098      
   8458.6800000003914        20.000000000000000       -1.0000000000000000       0.39727634457895461      
   8708.6800000003914        20.000000000000000       -1.0000000000000000       0.30434327227968261      
   8958.6800000003914        20.000000000000000       -1.0000000000000000       0.23731103387416549      
   9208.6800000003914        20.000000000000000       -1.0000000000000000       0.18802701091607835      
   9458.6800000003914        20.000000000000000       -1.0000000000000000       0.15103825850290287      
   9708.6800000003914        20.000000000000000       -1.0000000000000000       0.12271115828796671      
   9958.6800000003914        20.000000000000000       -1.0000000000000000       0.10139892065552236      
   10208.680000000391        20.000000000000000       -1.0000000000000000        8.4332501919941280E-002 
   10458.680000000391        20.000000000000000       -1.0000000000000000        7.1155769656286796E-002 
   10708.680000000391        20.000000000000000       -1.0000000000000000        6.0398565842858444E-002 
   10958.680000000391        20.000000000000000       -1.0000000000000000        5.1907329778537445E-002 
   11208.680000000391        20.000000000000000       -1.0000000000000000        4.5004192063965075E-002 
   11458.680000000391        20.000000000000000       -1.0000000000000000        3.9050913940046721E-002 
   11708.680000000391        20.000000000000000       -1.0000000000000000        3.4118042824258760E-002 
   11958.680000000391        20.000000000000000       -1.0000000000000000        2.9794480678647085E-002 
   12208.680000000391        20.000000000000000       -1.0000000000000000        2.6006692834614837E-002 
   12458.680000000391        20.000000000000000       -1.0000000000000000        2.2657368750747541E-002 
   12708.680000000391        20.000000000000000       -1.0000000000000000        2.0557460660209293E-002 
   2958.6800000003914        145.00000000000000       -1.0000000000000000       0.15143571467124736      
   3208.6800000003914        145.00000000000000       -1.0000000000000000       0.18801748886695868      
   3458.6800000003914        145.00000000000000       -1.0000000000000000       0.23681706360898611      
   3708.6800000003914        145.00000000000000       -1.0000000000000000       0.30301301772253464      
   3958.6800000003914        145.00000000000000       -1.0000000000000000       0.39491612297472567      
   4208.6800000003914        145.00000000000000       -1.0000000000000000       0.52601322051860322      
   4458.6800000003914        145.00000000000000       -1.0000000000000000       0.71476998355107846      
   4708.6800000003914        145.00000000000000       -1.0000000000000000       0.99379991653832456      
   4958.6800000003914        145.00000000000000       -1.0000000000000000        1.4096389130908793      
   5208.6800000003914        145.00000000000000       -1.0000000000000000        2.0267016473444421      
   5458.6800000003914        145.00000000000000       -1.0000000000000000        2.9013605237945872      
   5708.6800000003914        145.00000000000000       -1.0000000000000000        4.0061402830458714      
   5958.6800000003914        145.00000000000000       -1.0000000000000000        5.0764007763418766      
   6208.6800000003914        145.00000000000000       -1.0000000000000000        5.5485584009894637      
   6458.6800000003914        145.00000000000000       -1.0000000000000000        5.0705609818520490      
   6708.6800000003914        145.00000000000000       -1.0000000000000000        3.9987552297121161      
   6958.6800000003914        145.00000000000000       -1.0000000000000000        2.8890530633870943      
   7208.6800000003914        145.00000000000000       -1.0000000000000000        2.0141073183553138      
   7458.6800000003914        145.00000000000000       -1.0000000000000000        1.4004355532654713      
   7708.6800000003914        145.00000000000000       -1.0000000000000000       0.98682766360126528      
   7958.6800000003914        145.00000000000000       -1.0000000000000000       0.70991440150710494      
   8208.6800000003914        145.00000000000000       -1.0000000000000000       0.52270716925245408      
   8458.6800000003914        145.00000000000000       -1.0000000000000000       0.39326696796952232      
   8708.6800000003914        145.00000000000000       -1.0000000000000000       0.30173438301785832      
   8958.6800000003914        145.00000000000000       -1.0000000000000000       0.23602870414486812      
   9208.6800000003914        145.00000000000000       -1.0000000000000000       0.18725911752117871      
   9458.6800000003914        145.00000000000000       -1.0000000000000000       0.15049989125853636      
   9708.6800000003914        145.00000000000000       -1.0000000000000000       0.12281470762062967      
   9958.6800000003914        145.00000000000000       -1.0000000000000000       0.10088877173518866      
   10208.680000000391        145.00000000000000       -1.0000000000000000        8.4235420615528814E-002 
   10458.680000000391        145.00000000000000       -1.0000000000000000        7.0953086760939546E-002 
   10708.680000000391        145.00000000000000       -1.0000000000000000        6.0554605702792988E-002 
   10958.680000000391        145.00000000000000       -1.0000000000000000        5.1984824315481397E-002 
   11208.680000000391        145.00000000000000       -1.0000000000000000        4.4903221767023105E-002 
   11458.680000000391        145.00000000000000       -1.0000000000000000        3.9185686737893334E-002 
   11708.680000000391        145.00000000000000       -1.0000000000000000        3.4056527501451557E-002 
   11958.680000000391        145.00000000000000       -1.0000000000000000        2.9309068355873269E-002 
   12208.680000000391        145.00000000000000       -1.0000000000000000        2.5664943304964848E-002 
   12458.680000000391        145.00000000000000       -1.0000000000000000        2.2855412818784896E-002 
   12708.680000000391        145.00000000000000       -1.0000000000000000        2.0471656345149917E-002 
   2958.6800000003914        270.00000000000000       -1.0000000000000000       0.15005780747455372      
   3208.6800000003914        270.00000000000000       -1.0000000000000000       0.18654852004857544      
   3458.6800000003914        270.00000000000000       -1.0000000000000000       0.23427229084229950      
   3708.6800000003914        270.00000000000000       -1.0000000000000000       0.29863540045238252      
   3958.6800000003914        270.00000000000000       -1.0000000000000000       0.38840215215532919      
   4208.6800000003914        270.00000000000000       -1.0000000000000000       0.51541983615895048      
   4458.6800000003914        270.00000000000000       -1.0000000000000000       0.69719205469350509      
   4708.6800000003914        270.00000000000000       -1.0000000000000000       0.96319524390167788      
   4958.6800000003914        270.00000000000000       -1.0000000000000000        1.3565909825604938      
   5208.6800000003914        270.00000000000000       -1.0000000000000000        1.9299577110774253      
   5458.6800000003914        270.00000000000000       -1.0000000000000000        2.7269501538254031      
   5708.6800000003914        270.00000000000000       -1.0000000000000000        3.7111153989352261      
   5958.6800000003914        270.00000000000000       -1.0000000000000000        4.6390764609150281      
   6208.6800000003914        270.00000000000000       -1.0000000000000000        5.0460955892885098      
   6458.6800000003914        270.00000000000000       -1.0000000000000000        4.6469736185059700      
   6708.6800000003914        270.00000000000000       -1.0000000000000000        3.7102093658392792      
   6958.6800000003914        270.00000000000000       -1.0000000000000000        2.7177734449968796      
   7208.6800000003914        270.00000000000000       -1.0000000000000000        1.9187729656939025      
   7458.6800000003914        270.00000000000000       -1.0000000000000000        1.3478793151863644      
   7708.6800000003914        270.00000000000000       -1.0000000000000000       0.95727213894758090      
   7958.6800000003914        270.00000000000000       -1.0000000000000000       0.69282079729544643      
   8208.6800000003914        270.00000000000000       -1.0000000000000000       0.51211793214129986      
   8458.6800000003914        270.00000000000000       -1.0000000000000000       0.38655041000616658      
   8708.6800000003914        270.00000000000000       -1.0000000000000000       0.29771219509869606      
   8958.6800000003914        270.00000000000000       -1.0000000000000000       0.23280221598800496      
   9208.6800000003914        270.00000000000000       -1.0000000000000000       0.18555152982678375      
   9458.6800000003914        270.00000000000000       -1.0000000000000000       0.14962673853077510      
   9708.6800000003914        270.00000000000000       -1.0000000000000000       0.12233741922546641      
   9958.6800000003914        270.00000000000000       -1.0000000000000000       0.10136889856141157      
   10208.680000000391        270.00000000000000       -1.0000000000000000        8.3897412700126225E-002 
   10458.680000000391        270.00000000000000       -1.0000000000000000        7.0851510391070294E-002 
   10708.680000000391        270.00000000000000       -1.0000000000000000        5.9962509088589265E-002 
   10958.680000000391        270.00000000000000       -1.0000000000000000        5.1372017837852689E-002 
   11208.680000000391        270.00000000000000       -1.0000000000000000        4.4330753725977577E-002 
   11458.680000000391        270.00000000000000       -1.0000000000000000        3.8739764332260423E-002 
   11708.680000000391        270.00000000000000       -1.0000000000000000        3.3866475735123129E-002 
   11958.680000000391        270.00000000000000       -1.0000000000000000        2.9505550087206359E-002 
   12208.680000000391        270.00000000000000       -1.0000000000000000        2.6055162021435929E-002 
   12458.680000000391        270.00000000000000       -1.0000000000000000        2.2669817342065371E-002 
   12708.680000000391        270.00000000000000       -1.0000000000000000        2.0476390810837051E-002 

