200
2939.180000 -249.500000 1.000000 -0.00
3189.180000 -249.500000 1.000000 0.140
3439.180000 -249.500000 1.000000 0.160
3689.180000 -249.500000 1.000000 0.010
3939.180000 -249.500000 1.000000 -0.00
4189.180000 -249.500000 1.000000 -0.00
4439.180000 -249.500000 1.000000 -0.00
4689.180000 -249.500000 1.000000 -0.00
4939.180000 -249.500000 1.000000 0.100
5189.180000 -249.500000 1.000000 0.060
5439.180000 -249.500000 1.000000 0.020
5689.180000 -249.500000 1.000000 -0.00
5939.180000 -249.500000 1.000000 -0.10
6189.180000 -249.500000 1.000000 -0.00
6439.180000 -249.500000 1.000000 0.080
6689.180000 -249.500000 1.000000 0.090
6939.180000 -249.500000 1.000000 0.080
7189.180000 -249.500000 1.000000 0.050
7439.180000 -249.500000 1.000000 -0.00
7689.180000 -249.500000 1.000000 -0.00
7939.180000 -249.500000 1.000000 0.160
8189.180000 -249.500000 1.000000 0.090
8439.180000 -249.500000 1.000000 -0.00
8689.180000 -249.500000 1.000000 -0.20
8939.180000 -249.500000 1.000000 -0.00
9189.180000 -249.500000 1.000000 -0.00
9439.180000 -249.500000 1.000000 -0.10
9689.180000 -249.500000 1.000000 -0.00
9939.180000 -249.500000 1.000000 -0.00
10189.180000 -249.500000 1.000000 -0.09
10439.180000 -249.500000 1.000000 0.40
10689.180000 -249.500000 1.000000 -0.03
10939.180000 -249.500000 1.000000 0.10
11189.180000 -249.500000 1.000000 -0.05
11439.180000 -249.500000 1.000000 -0.06
11689.180000 -249.500000 1.000000 0.10
11939.180000 -249.500000 1.000000 0.00
12189.180000 -249.500000 1.000000 -0.03
12439.180000 -249.500000 1.000000 -0.02
12689.180000 -249.500000 1.000000 0.00
2939.180000 -124.500000 1.000000 0.050
3189.180000 -124.500000 1.000000 0.330
3439.180000 -124.500000 1.000000 -0.10
3689.180000 -124.500000 1.000000 0.170
3939.180000 -124.500000 1.000000 0.100
4189.180000 -124.500000 1.000000 -0.10
4439.180000 -124.500000 1.000000 0.000
4689.180000 -124.500000 1.000000 -0.00
4939.180000 -124.500000 1.000000 0.090
5189.180000 -124.500000 1.000000 0.070
5439.180000 -124.500000 1.000000 -0.00
5689.180000 -124.500000 1.000000 0.150
5939.180000 -124.500000 1.000000 0.060
6189.180000 -124.500000 1.000000 -0.00
6439.180000 -124.500000 1.000000 0.070
6689.180000 -124.500000 1.000000 -0.00
6939.180000 -124.500000 1.000000 0.020
7189.180000 -124.500000 1.000000 0.070
7439.180000 -124.500000 1.000000 0.050
7689.180000 -124.500000 1.000000 0.150
7939.180000 -124.500000 1.000000 0.190
8189.180000 -124.500000 1.000000 0.080
8439.180000 -124.500000 1.000000 -0.00
8689.180000 -124.500000 1.000000 -0.00
8939.180000 -124.500000 1.000000 -0.10
9189.180000 -124.500000 1.000000 -0.20
9439.180000 -124.500000 1.000000 0.080
9689.180000 -124.500000 1.000000 0.030
9939.180000 -124.500000 1.000000 0.200
10189.180000 -124.500000 1.000000 0.00
10439.180000 -124.500000 1.000000 -0.03
10689.180000 -124.500000 1.000000 0.00
10939.180000 -124.500000 1.000000 0.00
11189.180000 -124.500000 1.000000 0.10
11439.180000 -124.500000 1.000000 -0.00
11689.180000 -124.500000 1.000000 0.00
11939.180000 -124.500000 1.000000 0.00
12189.180000 -124.500000 1.000000 0.20
12439.180000 -124.500000 1.000000 -0.04
12689.180000 -124.500000 1.000000 0.00
2939.180000 0.500000 1.000000 0.043840
3189.180000 0.500000 1.000000 0.091820
3439.180000 0.500000 1.000000 0.039960
3689.180000 0.500000 1.000000 0.186180
3939.180000 0.500000 1.000000 -0.07090
4189.180000 0.500000 1.000000 0.014000
4439.180000 0.500000 1.000000 -0.08830
4689.180000 0.500000 1.000000 -0.02690
4939.180000 0.500000 1.000000 -0.19680
5189.180000 0.500000 1.000000 0.241940
5439.180000 0.500000 1.000000 0.126860
5689.180000 0.500000 1.000000 -0.14610
5939.180000 0.500000 1.000000 0.060530
6189.180000 0.500000 1.000000 -0.12250
6439.180000 0.500000 1.000000 0.317700
6689.180000 0.500000 1.000000 0.041660
6939.180000 0.500000 1.000000 -0.03720
7189.180000 0.500000 1.000000 -0.01000
7439.180000 0.500000 1.000000 0.159010
7689.180000 0.500000 1.000000 -0.12030
7939.180000 0.500000 1.000000 -0.10350
8189.180000 0.500000 1.000000 0.053760
8439.180000 0.500000 1.000000 -0.21550
8689.180000 0.500000 1.000000 0.295970
8939.180000 0.500000 1.000000 0.201390
9189.180000 0.500000 1.000000 0.077790
9439.180000 0.500000 1.000000 -0.21620
9689.180000 0.500000 1.000000 -0.23750
9939.180000 0.500000 1.000000 -0.17740
10189.180000 0.500000 1.000000 -0.0190
10439.180000 0.500000 1.000000 -0.1510
10689.180000 0.500000 1.000000 0.31800
10939.180000 0.500000 1.000000 -0.2050
11189.180000 0.500000 1.000000 -0.0160
11439.180000 0.500000 1.000000 -0.1890
11689.180000 0.500000 1.000000 -0.0250
11939.180000 0.500000 1.000000 0.07580
12189.180000 0.500000 1.000000 0.17240
12439.180000 0.500000 1.000000 0.12660
12689.180000 0.500000 1.000000 -0.0030
2939.180000 125.500000 1.000000 0.0430
3189.180000 125.500000 1.000000 0.2340
3439.180000 125.500000 1.000000 0.0830
3689.180000 125.500000 1.000000 -0.340
3939.180000 125.500000 1.000000 -0.040
4189.180000 125.500000 1.000000 -0.110
4439.180000 125.500000 1.000000 -0.010
4689.180000 125.500000 1.000000 -0.090
4939.180000 125.500000 1.000000 -0.010
5189.180000 125.500000 1.000000 0.0160
5439.180000 125.500000 1.000000 -0.200
5689.180000 125.500000 1.000000 0.2050
5939.180000 125.500000 1.000000 -0.370
6189.180000 125.500000 1.000000 0.1180
6439.180000 125.500000 1.000000 0.0400
6689.180000 125.500000 1.000000 -0.100
6939.180000 125.500000 1.000000 0.1770
7189.180000 125.500000 1.000000 -0.180
7439.180000 125.500000 1.000000 0.1530
7689.180000 125.500000 1.000000 -0.000
7939.180000 125.500000 1.000000 -0.050
8189.180000 125.500000 1.000000 0.1600
8439.180000 125.500000 1.000000 0.1350
8689.180000 125.500000 1.000000 0.1250
8939.180000 125.500000 1.000000 -0.000
9189.180000 125.500000 1.000000 0.0910
9439.180000 125.500000 1.000000 -0.050
9689.180000 125.500000 1.000000 0.1720
9939.180000 125.500000 1.000000 -0.100
10189.180000 125.500000 1.000000 -0.00
10439.180000 125.500000 1.000000 -0.10
10689.180000 125.500000 1.000000 0.070
10939.180000 125.500000 1.000000 -0.00
11189.180000 125.500000 1.000000 -0.10
11439.180000 125.500000 1.000000 -0.10
11689.180000 125.500000 1.000000 0.100
11939.180000 125.500000 1.000000 0.270
12189.180000 125.500000 1.000000 -0.00
12439.180000 125.500000 1.000000 -0.00
12689.180000 125.500000 1.000000 0.080
2939.180000 250.500000 1.000000 -0.020
3189.180000 250.500000 1.000000 -0.060
3439.180000 250.500000 1.000000 -0.000
3689.180000 250.500000 1.000000 -0.180
3939.180000 250.500000 1.000000 0.1510
4189.180000 250.500000 1.000000 0.2100
4439.180000 250.500000 1.000000 -0.230
4689.180000 250.500000 1.000000 -0.060
4939.180000 250.500000 1.000000 0.0630
5189.180000 250.500000 1.000000 -0.050
5439.180000 250.500000 1.000000 -0.250
5689.180000 250.500000 1.000000 -0.090
5939.180000 250.500000 1.000000 0.0030
6189.180000 250.500000 1.000000 0.1760
6439.180000 250.500000 1.000000 0.0990
6689.180000 250.500000 1.000000 0.0360
6939.180000 250.500000 1.000000 0.1960
7189.180000 250.500000 1.000000 -0.110
7439.180000 250.500000 1.000000 0.0370
7689.180000 250.500000 1.000000 -0.050
7939.180000 250.500000 1.000000 -0.170
8189.180000 250.500000 1.000000 0.1370
8439.180000 250.500000 1.000000 -0.080
8689.180000 250.500000 1.000000 0.0610
8939.180000 250.500000 1.000000 -0.070
9189.180000 250.500000 1.000000 -0.010
9439.180000 250.500000 1.000000 0.3600
9689.180000 250.500000 1.000000 -0.150
9939.180000 250.500000 1.000000 0.0080
10189.180000 250.500000 1.000000 0.170
10439.180000 250.500000 1.000000 0.090
10689.180000 250.500000 1.000000 0.080
10939.180000 250.500000 1.000000 -0.10
11189.180000 250.500000 1.000000 0.230
11439.180000 250.500000 1.000000 0.180
11689.180000 250.500000 1.000000 0.200
11939.180000 250.500000 1.000000 -0.00
12189.180000 250.500000 1.000000 -0.00
12439.180000 250.500000 1.000000 0.090
12689.180000 250.500000 1.000000 -0.20
