6.041770509831249001e+02 4.763559016994374360e+03
6.108852549156241594e+02 4.760204915028125470e+03
6.175934588481235323e+02 4.756850813061875670e+03
6.243016627806229053e+02 4.753496711095625869e+03
6.310098667131223920e+02 4.750142609129376069e+03
6.600787504206195990e+02 4.735608167275627238e+03
6.623148183981194279e+02 4.734490133286877608e+03
6.701410563193686585e+02 4.750142609129376069e+03
6.846754981731172620e+02 4.779211492836872821e+03
6.992099400268659792e+02 4.808280376544370483e+03
7.059181439593653522e+02 4.821696784409369684e+03
7.070361779481152098e+02 4.823932852386869854e+03
6.869115661506170909e+02 4.833995158285618345e+03
6.578426824431197701e+02 4.848529600139367176e+03
6.488984105331205683e+02 4.853001736094366606e+03
6.466623425556208531e+02 4.848529600139367176e+03
6.321279007018721359e+02 4.819460716431870424e+03
6.175934588481235323e+02 4.790391832724372762e+03
6.052950849718747577e+02 4.765795084971874530e+03
6.041770509831249001e+02 4.763559016994374360e+03
